#date,time,07/02/2021,12:29:44
#lambda, 0.10000000E+09
# iter, Jreg,sqrt(2*Jreg/area)
  2.40900681000E+003  2.36514403399E+002  5.00214154253E-005
  2.41000681000E+003  1.16172573812E+004  3.50573419906E-004
  2.41100681000E+003  2.35290155628E+002  4.98917868336E-005
  2.41200681000E+003  2.34896994820E+002  4.98500857769E-005
  2.41300681000E+003  2.33950805777E+002  4.97495838529E-005
  2.41400681000E+003  2.33844451389E+002  4.97382744496E-005
  2.41500681000E+003  2.33446093232E+002  4.96958913769E-005
  2.41600681000E+003  2.33175756757E+002  4.96671084927E-005
  2.41700681000E+003  2.32733321893E+002  4.96199661689E-005
  2.41800681000E+003  2.32150939508E+002  4.95578437903E-005
  2.41900681000E+003  2.31152193106E+002  4.94511264375E-005
  2.42000681000E+003  2.29535406559E+002  4.92778808126E-005
  2.42100681000E+003  2.27007476192E+002  4.90057747834E-005
  2.42200681000E+003  2.19345345385E+002  4.81716354508E-005
  2.42300681000E+003  2.06363697573E+002  4.67244104201E-005
  2.42400681000E+003  1.83339493272E+002  4.40407993558E-005
  2.42500681000E+003  1.65872679450E+002  4.18904098738E-005
  2.42600681000E+003  1.28105823423E+002  3.68138819874E-005
  2.42700681000E+003  1.11472698922E+002  3.43408814047E-005
  2.42800681000E+003  1.05030480179E+002  3.33338022846E-005
  2.42900681000E+003  1.01002914411E+002  3.26884352747E-005
  2.43000681000E+003  9.36483307032E+001  3.14758306377E-005
  2.43100681000E+003  9.08157288416E+001  3.09961472934E-005
  2.43200681000E+003  9.09093682009E+001  3.10121231140E-005
  2.43300681000E+003  9.05144894859E+001  3.09446968704E-005
  2.43400681000E+003  9.03546178814E+001  3.09173566910E-005
  2.43500681000E+003  9.02899457448E+001  3.09062900212E-005
  2.43600681000E+003  9.01512631068E+001  3.08825453345E-005
  2.43700681000E+003  8.99846398775E+001  3.08539926048E-005
  2.43800681000E+003  8.98056370977E+001  3.08232890323E-005
  2.43900681000E+003  8.93139870858E+001  3.07388006373E-005
  2.44000681000E+003  8.89605942287E+001  3.06779275330E-005
  2.44100681000E+003  8.84709989138E+001  3.05933929582E-005
  2.44200681000E+003  8.80960668473E+001  3.05284981188E-005
  2.44300681000E+003  8.77407098296E+001  3.04668638223E-005
  2.44400681000E+003  8.73029307794E+001  3.03907621277E-005
  2.44500681000E+003  8.65151566790E+001  3.02533365689E-005
  2.44600681000E+003  8.52880613814E+001  3.00380199280E-005
  2.44700681000E+003  8.55365262205E+001  3.00817421319E-005
  2.44800681000E+003  8.29115995080E+001  2.96165745331E-005
  2.44900681000E+003  8.17696190400E+001  2.94119058324E-005
  2.45000681000E+003  7.95569407275E+001  2.90112349915E-005
  2.45100681000E+003  7.69541738602E+001  2.85327262521E-005
  2.45200681000E+003  7.28397340297E+001  2.77594818397E-005
  2.45300681000E+003  6.55343815728E+001  2.63306622538E-005
  2.45400681000E+003  5.93521506937E+001  2.50579425958E-005
  2.45500681000E+003  5.52635997315E+001  2.41794693128E-005
  2.45600681000E+003  5.53307056826E+001  2.41941452841E-005
  2.45700681000E+003  5.40441465920E+001  2.39112076670E-005
  2.45800681000E+003  5.33589935459E+001  2.37591551917E-005
  2.45900681000E+003  5.25214878913E+001  2.35719597055E-005
  2.46000681000E+003  5.15933924827E+001  2.33627640227E-005
  2.46100681000E+003  5.05497597865E+001  2.31252655081E-005
  2.46200681000E+003  5.00380650119E+001  2.30079239474E-005
  2.46300681000E+003  4.97290030929E+001  2.29367592520E-005
  2.46400681000E+003  4.95663244343E+001  2.28992119701E-005
  2.46500681000E+003  4.94025213378E+001  2.28613428525E-005
  2.46600681000E+003  4.93794118683E+001  2.28559951973E-005
  2.46700681000E+003  4.93653824358E+001  2.28527481009E-005
  2.46800681000E+003  4.93402204854E+001  2.28469232396E-005
  2.46900681000E+003  4.92665320084E+001  2.28298561895E-005
  2.47000681000E+003  4.91401106513E+001  2.28005458727E-005
  2.47100681000E+003  4.90069806511E+001  2.27696393961E-005
  2.47200681000E+003  4.86483254099E+001  2.26861671359E-005
  2.47300681000E+003  4.83090267418E+001  2.26069161583E-005
  2.47400681000E+003  4.80337508999E+001  2.25424144610E-005
  2.47500681000E+003  4.78309197149E+001  2.24947694029E-005
  2.47600681000E+003  4.76538503395E+001  2.24530931399E-005
  2.47700681000E+003  4.73627714964E+001  2.23844142070E-005
  2.47800681000E+003  4.72918994300E+001  2.23676602930E-005
  2.47900681000E+003  4.68700402106E+001  2.22676733897E-005
  2.48000681000E+003  4.60789261241E+001  2.20789468618E-005
  2.48100681000E+003  4.51255244427E+001  2.18493393924E-005
  2.48200681000E+003  4.32445479438E+001  2.13891172124E-005
  2.48300681000E+003  4.04870280114E+001  2.06959386685E-005
  2.48400681000E+003  4.55993187916E+001  2.19637431860E-005
  2.48500681000E+003  3.95537209391E+001  2.04560064619E-005
  2.48600681000E+003  3.82600160777E+001  2.01186925427E-005
  2.48700681000E+003  3.78694814651E+001  2.00157495809E-005
  2.48800681000E+003  3.76312339729E+001  1.99526879022E-005
  2.48900681000E+003  3.73579650429E+001  1.98801101019E-005
  2.49000681000E+003  3.68339746334E+001  1.97401965232E-005
  2.49100681000E+003  3.70020651019E+001  1.97851870784E-005
  2.49200681000E+003  3.66765470521E+001  1.96979667740E-005
  2.49300681000E+003  3.65576400338E+001  1.96660100037E-005
  2.49400681000E+003  3.64364322650E+001  1.96333813623E-005
  2.49500681000E+003  3.62769024500E+001  1.95903537473E-005
  2.49600681000E+003  3.60237702029E+001  1.95218855091E-005
  2.49700681000E+003  3.64287062193E+001  1.96312997034E-005
  2.49800681000E+003  3.59344451159E+001  1.94976671050E-005
  2.49900681000E+003  3.57634950479E+001  1.94512339249E-005
  2.50000681000E+003  3.56827513185E+001  1.94292638596E-005
  2.50100681000E+003  3.56157373647E+001  1.94110107312E-005
  2.50200681000E+003  3.55619300203E+001  1.93963423598E-005
  2.50300681000E+003  3.54392236658E+001  1.93628499270E-005
  2.50400681000E+003  3.53320018454E+001  1.93335364642E-005
  2.50500681000E+003  3.52185840416E+001  1.93024806269E-005
  2.50600681000E+003  3.50859589841E+001  1.92661020031E-005
  2.50700681000E+003  3.49056385713E+001  1.92165302267E-005
  2.50800681000E+003  3.45637066423E+001  1.91221770448E-005
  2.50900681000E+003  3.46122767056E+001  1.91356078858E-005
  2.51000681000E+003  3.42952997149E+001  1.90477850249E-005
  2.51100681000E+003  3.37795954836E+001  1.89040301763E-005
  2.51200681000E+003  3.34398211760E+001  1.88087161676E-005
  2.51300681000E+003  3.30976708661E+001  1.87122450430E-005
  2.51400681000E+003  3.28395992025E+001  1.86391500122E-005
  2.51500681000E+003  3.27175719223E+001  1.86044875668E-005
  2.51600681000E+003  3.23022615153E+001  1.84860295972E-005
  2.51700681000E+003  3.21822296718E+001  1.84516515497E-005
  2.51800681000E+003  3.19557970427E+001  1.83866244970E-005
  2.51900681000E+003  3.19487131654E+001  1.83845864347E-005
  2.52000681000E+003  3.17147487192E+001  1.83171464201E-005
  2.52100681000E+003  3.16414033591E+001  1.82959535145E-005
  2.52200681000E+003  3.15675765408E+001  1.82745966734E-005
  2.52300681000E+003  3.14606237967E+001  1.82436127210E-005
  2.52400681000E+003  3.17194266079E+001  1.83184972492E-005
  2.52500681000E+003  3.14279089613E+001  1.82341247968E-005
  2.52600681000E+003  3.13622639979E+001  1.82150716018E-005
  2.52700681000E+003  3.13072480947E+001  1.81990880860E-005
  2.52800681000E+003  3.11992706403E+001  1.81676770130E-005
  2.52900681000E+003  3.10519087848E+001  1.81247210188E-005
  2.53000681000E+003  3.09307641636E+001  1.80893309526E-005
  2.53100681000E+003  3.08069281896E+001  1.80530829543E-005
  2.53200681000E+003  3.07281549595E+001  1.80299873395E-005
  2.53300681000E+003  3.05626920214E+001  1.79813784725E-005
  2.53400681000E+003  3.05539185887E+001  1.79787973888E-005
  2.53500681000E+003  3.03477061036E+001  1.79180240186E-005
  2.53600681000E+003  3.02258751827E+001  1.78820218797E-005
  2.53700681000E+003  3.01074804451E+001  1.78469655819E-005
  2.53800681000E+003  3.00105395114E+001  1.78182103293E-005
  2.53900681000E+003  2.98395256592E+001  1.77673696199E-005
  2.54000681000E+003  2.96499676795E+001  1.77108453881E-005
  2.54100681000E+003  2.94783133104E+001  1.76595037318E-005
  2.54200681000E+003  2.91986904776E+001  1.75755476657E-005
  2.54300681000E+003  2.88364422789E+001  1.74661835009E-005
  2.54400681000E+003  2.83615947539E+001  1.73217793957E-005
  2.54500681000E+003  2.85315583195E+001  1.73736042987E-005
