#date,time,06/18/2021,16:11:25
#lambda, 0.10000000E+06
# iter, Jreg,sqrt(2*Jreg/area)
  2.01600566000E+003  1.41555480710E+002  3.86981785512E-005
  2.01700566000E+003  2.29762645098E+002  4.93022671670E-005
  2.01800566000E+003  2.42397419978E+002  5.06397060581E-005
  2.01900566000E+003  7.00144026293E+003  2.72157855047E-004
  2.02000566000E+003  1.00651492485E+003  1.03189923188E-004
  2.02100566000E+003  1.04825053816E+003  1.05307602789E-004
  2.02200566000E+003  1.06038170330E+005  1.05915200420E-003
  2.02300566000E+003  1.13834782480E+003  1.09739927928E-004
  2.02400566000E+003  9.48969908281E+002  1.00196695860E-004
  2.02500566000E+003  9.79156545245E+002  1.01777843646E-004
  2.02600566000E+003  1.07416904864E+003  1.06601544446E-004
  2.02700566000E+003  8.76282730146E+002  9.62829317906E-005
  2.02800566000E+003  7.96433697433E+002  9.17913998587E-005
  2.02900566000E+003  7.08972557207E+002  8.66047858379E-005
  2.03000566000E+003  1.24466365882E+003  1.14750129498E-004
  2.03100566000E+003  1.21249207216E+003  1.13257411986E-004
  2.03200566000E+003  1.15636922634E+003  1.10605173772E-004
  2.03300566000E+003  9.26611539061E+002  9.90093094982E-005
  2.03400566000E+003  1.80708476807E+003  1.38266332140E-004
  2.03500566000E+003  9.44266452815E+002  9.99480809702E-005
  2.03600566000E+003  9.23017064963E+002  9.88170864417E-005
  2.03700566000E+003  9.22125317161E+002  9.87693401881E-005
  2.03800566000E+003  9.70267136094E+002  1.01314788103E-004
  2.03900566000E+003  1.02103822792E+003  1.03931735853E-004
  2.04000566000E+003  9.69960950602E+002  1.01298800977E-004
  2.04100566000E+003  9.73609166763E+002  1.01489124658E-004
  2.04200566000E+003  7.58141686797E+002  8.95575838239E-005
  2.04300566000E+003  7.84700667502E+002  9.11127575041E-005
  2.04400566000E+003  8.32132052173E+002  9.38260222670E-005
  2.04500566000E+003  9.13481171101E+002  9.83053105822E-005
  2.04600566000E+003  8.63740331722E+002  9.55913905371E-005
  2.04700566000E+003  8.67116260366E+002  9.57780178072E-005
  2.04800566000E+003  8.88038717061E+002  9.69266337474E-005
  2.04900566000E+003  9.27035611371E+002  9.90319631680E-005
  2.05000566000E+003  1.07940291158E+003  1.06860935596E-004
  2.05100566000E+003  1.33673853654E+003  1.18918771443E-004
  2.05200566000E+003  1.06581633460E+003  1.06186269989E-004
  2.05300566000E+003  9.41377052786E+002  9.97950461748E-005
  2.05400566000E+003  8.95605198544E+002  9.73386867223E-005
  2.05500566000E+003  8.66907304244E+002  9.57664769043E-005
  2.05600566000E+003  1.25234336816E+003  1.15103595457E-004
  2.05700566000E+003  8.19816595556E+002  9.31291271101E-005
  2.05800566000E+003  8.03256568680E+002  9.21837396838E-005
  2.05900566000E+003  8.00996890182E+002  9.20539851773E-005
  2.06000566000E+003  8.16438931698E+002  9.29370819898E-005
  2.06100566000E+003  8.55263538212E+002  9.51211644936E-005
  2.06200566000E+003  9.14484186008E+002  9.83592660678E-005
  2.06300566000E+003  8.99122885906E+002  9.75296589875E-005
  2.06400566000E+003  8.68261657611E+002  9.58412548142E-005
  2.06500566000E+003  9.04906653157E+002  9.78428445442E-005
  2.06600566000E+003  8.82847061990E+002  9.66428920229E-005
  2.06700566000E+003  8.97677329876E+002  9.74512262720E-005
  2.06800566000E+003  9.25127123756E+002  9.89299721294E-005
  2.06900566000E+003  9.87130788744E+002  1.02191442262E-004
  2.07000566000E+003  9.75660074420E+002  1.01595961842E-004
  2.07100566000E+003  9.82298618190E+002  1.01941013300E-004
  2.07200566000E+003  1.01605703793E+003  1.03677907609E-004
  2.07300566000E+003  1.01559892525E+003  1.03654532190E-004
  2.07400566000E+003  1.00643799153E+003  1.03185979434E-004
  2.07500566000E+003  1.00867673989E+003  1.03300680549E-004
  2.07600566000E+003  9.92049647731E+002  1.02445735139E-004
  2.07700566000E+003  9.80349055821E+002  1.01839802188E-004
  2.07800566000E+003  9.68341330665E+002  1.01214192363E-004
  2.07900566000E+003  9.59166977739E+002  1.00733584662E-004
  2.08000566000E+003  9.51177946232E+002  1.00313195636E-004
  2.08100566000E+003  9.56697639257E+002  1.00603833729E-004
  2.08200566000E+003  9.26249931638E+002  9.89899885674E-005
  2.08300566000E+003  9.23577476716E+002  9.88470803906E-005
  2.08400566000E+003  9.29441001735E+002  9.91603596423E-005
  2.08500566000E+003  9.39891715832E+002  9.97162850737E-005
  2.08600566000E+003  1.02384729301E+003  1.04074605373E-004
  2.08700566000E+003  9.56868665653E+002  1.00612825673E-004
  2.08800566000E+003  9.39167801900E+002  9.96778764402E-005
  2.08900566000E+003  9.35406617034E+002  9.94780809242E-005
  2.09000566000E+003  9.36838854409E+002  9.95542091698E-005
  2.09100566000E+003  9.39583027183E+002  9.96999088186E-005
  2.09200566000E+003  9.31425004708E+002  9.92661380466E-005
  2.09300566000E+003  9.12970184884E+002  9.82778115559E-005
  2.09400566000E+003  9.08475130533E+002  9.80355751629E-005
  2.09500566000E+003  9.06586809545E+002  9.79336357012E-005
  2.09600566000E+003  9.20170650761E+002  9.86646019679E-005
  2.09700566000E+003  9.14951561188E+002  9.83843976164E-005
  2.09800566000E+003  9.15077370608E+002  9.83911615037E-005
  2.09900566000E+003  9.19764247487E+002  9.86428114198E-005
  2.10000566000E+003  9.36688870222E+002  9.95462397337E-005
  2.10100566000E+003  9.26807581719E+002  9.90197826149E-005
  2.10200566000E+003  9.18558978874E+002  9.85781589508E-005
  2.10300566000E+003  9.13875405116E+002  9.83265212639E-005
  2.10400566000E+003  9.36694039389E+002  9.95465144090E-005
  2.10500566000E+003  9.10512192718E+002  9.81454255775E-005
  2.10600566000E+003  9.06792612956E+002  9.79447509812E-005
  2.10700566000E+003  9.06688693743E+002  9.79391385442E-005
  2.10800566000E+003  9.13379574994E+002  9.82998437402E-005
  2.10900566000E+003  9.10175059245E+002  9.81272538430E-005
  2.11000566000E+003  9.10035800248E+002  9.81197467016E-005
  2.11100566000E+003  9.11064350825E+002  9.81751800275E-005
  2.11200566000E+003  9.26445766851E+002  9.90004526442E-005
  2.11300566000E+003  9.16125251364E+002  9.84474806241E-005
  2.11400566000E+003  9.12499361172E+002  9.82524670858E-005
  2.11500566000E+003  9.12052236921E+002  9.82283923053E-005
  2.11600566000E+003  9.14463948258E+002  9.83581777050E-005
  2.11700566000E+003  9.50261129768E+002  1.00264839299E-004
  2.11800566000E+003  9.18258223548E+002  9.85620193592E-005
  2.11900566000E+003  9.16338370389E+002  9.84589309204E-005
  2.12000566000E+003  9.14515609372E+002  9.83609559562E-005
  2.12100566000E+003  9.17043726081E+002  9.84968182392E-005
  2.12200566000E+003  9.15159295484E+002  9.83955657779E-005
  2.12300566000E+003  9.05101406862E+002  9.78533728298E-005
  2.12400566000E+003  9.02135681646E+002  9.76929243257E-005
  2.12500566000E+003  8.96599490316E+002  9.73927039435E-005
  2.12600566000E+003  8.93815723089E+002  9.72413936928E-005
  2.12700566000E+003  8.94824044321E+002  9.72962276602E-005
  2.12800566000E+003  9.60604749806E+002  1.00809055202E-004
  2.12900566000E+003  8.97162535325E+002  9.74232793956E-005
  2.13000566000E+003  8.95908772846E+002  9.73551822832E-005
  2.13100566000E+003  8.89132860527E+002  9.69863265258E-005
  2.13200566000E+003  8.81553694895E+002  9.65720753693E-005
  2.13300566000E+003  8.75677457221E+002  9.62496733931E-005
  2.13400566000E+003  8.62429126179E+002  9.55188064739E-005
  2.13500566000E+003  8.49722920336E+002  9.48125541438E-005
  2.13600566000E+003  8.41194450773E+002  9.43355485480E-005
  2.13700566000E+003  8.33295591913E+002  9.38915960961E-005
  2.13800566000E+003  8.34532738046E+002  9.39612679779E-005
  2.13900566000E+003  8.24461687847E+002  9.33925899094E-005
  2.14000566000E+003  8.16448059492E+002  9.29376015071E-005
  2.14100566000E+003  8.04420750919E+002  9.22505177344E-005
  2.14200566000E+003  8.10817253456E+002  9.26165651521E-005
  2.14300566000E+003  7.96307666996E+002  9.17841368763E-005
  2.14400566000E+003  7.93564762016E+002  9.16259239485E-005
  2.14500566000E+003  7.97703873706E+002  9.18645665327E-005
  2.14600566000E+003  8.20640663976E+002  9.31759214157E-005
