#date,time,06/29/2021,14:53:14
#lambda, 0.10000000E+05
# iter, Jreg,sqrt(2*Jreg/area)
  2.23800681000E+003  9.52415121491E+002  1.00378411969E-004
  2.23900681000E+003  2.98426014916E+006  5.61882517233E-003
  2.24000681000E+003  1.06093382075E+003  1.05942770690E-004
  2.24100681000E+003  9.23011897383E+002  9.88168098238E-005
  2.24200681000E+003  9.16779255090E+002  9.84826142111E-005
  2.24300681000E+003  8.95176726841E+002  9.73153997525E-005
  2.24400681000E+003  9.71323211455E+002  1.01369910527E-004
  2.24500681000E+003  8.84271596035E+002  9.67208305500E-005
  2.24600681000E+003  8.79425594190E+002  9.64554407939E-005
  2.24700681000E+003  8.72471361683E+002  9.60733135826E-005
  2.24800681000E+003  8.86546849122E+002  9.68451831772E-005
  2.24900681000E+003  8.71942886330E+002  9.60442123012E-005
  2.25000681000E+003  8.79828063951E+002  9.64775097205E-005
  2.25100681000E+003  8.89494832276E+002  9.70060663980E-005
  2.25200681000E+003  9.41064909843E+002  9.97784997220E-005
  2.25300681000E+003  9.07920553951E+002  9.80056477977E-005
  2.25400681000E+003  8.90384833617E+002  9.70545849169E-005
  2.25500681000E+003  8.76889989612E+002  9.63162878032E-005
  2.25600681000E+003  9.04113476666E+002  9.77999541216E-005
  2.25700681000E+003  8.76261362351E+002  9.62817578735E-005
  2.25800681000E+003  8.61511691555E+002  9.54679874702E-005
  2.25900681000E+003  8.53983777079E+002  9.50499712672E-005
  2.26000681000E+003  8.64779833789E+002  9.56488948387E-005
  2.26100681000E+003  8.49883960795E+002  9.48215382099E-005
  2.26200681000E+003  8.42517432680E+002  9.44097021465E-005
  2.26300681000E+003  8.50055901489E+002  9.48311294349E-005
  2.26400681000E+003  8.58688536522E+002  9.53114358539E-005
  2.26500681000E+003  8.39238704370E+002  9.42258213789E-005
  2.26600681000E+003  8.29148119536E+002  9.36576463667E-005
  2.26700681000E+003  8.28303856078E+002  9.36099517118E-005
  2.26800681000E+003  8.43778540347E+002  9.44803334916E-005
  2.26900681000E+003  8.50212048602E+002  9.48398388192E-005
  2.27000681000E+003  8.13956419786E+002  9.27956794584E-005
  2.27100681000E+003  8.04021464528E+002  9.22276199237E-005
  2.27200681000E+003  8.02269837747E+002  9.21271024259E-005
  2.27300681000E+003  8.20035328734E+002  9.31415500542E-005
  2.27400681000E+003  8.00154553326E+002  9.20055699701E-005
  2.27500681000E+003  8.05058990901E+002  9.22871069787E-005
  2.27600681000E+003  7.89996414374E+002  9.14196890331E-005
  2.27700681000E+003  7.90201425666E+002  9.14315503861E-005
  2.27800681000E+003  7.89727806212E+002  9.14041458218E-005
  2.27900681000E+003  7.85643382158E+002  9.11674710742E-005
  2.28000681000E+003  7.75598950899E+002  9.05828094073E-005
  2.28100681000E+003  7.71660340286E+002  9.03525199636E-005
  2.28200681000E+003  7.75189059086E+002  9.05588704509E-005
  2.28300681000E+003  7.68260694988E+002  9.01532706527E-005
  2.28400681000E+003  7.62089561241E+002  8.97904578504E-005
  2.28500681000E+003  7.63334209009E+002  8.98637510073E-005
  2.28600681000E+003  7.71564207731E+002  9.03468917819E-005
  2.28700681000E+003  7.60368065646E+002  8.96889860047E-005
  2.28800681000E+003  7.53643466999E+002  8.92915062346E-005
  2.28900681000E+003  7.57047628077E+002  8.94929411381E-005
  2.29000681000E+003  7.47723599764E+002  8.89401225843E-005
  2.29100681000E+003  7.39733472256E+002  8.84636419681E-005
  2.29200681000E+003  7.42346374018E+002  8.86197407922E-005
  2.29300681000E+003  7.47112391396E+002  8.89037641888E-005
  2.29400681000E+003  7.43251664428E+002  8.86737601557E-005
  2.29500681000E+003  7.39093409392E+002  8.84253615957E-005
  2.29600681000E+003  7.40464139797E+002  8.85073209151E-005
  2.29700681000E+003  7.70268017961E+002  9.02709707241E-005
  2.29800681000E+003  7.39729902374E+002  8.84634285094E-005
  2.29900681000E+003  7.34602804886E+002  8.81563236676E-005
  2.30000681000E+003  7.35093551662E+002  8.81857648897E-005
  2.30100681000E+003  7.66003499979E+002  9.00207354320E-005
  2.30200681000E+003  7.43411726288E+002  8.86833077448E-005
  2.30300681000E+003  7.38787068980E+002  8.84070343661E-005
  2.30400681000E+003  7.39339375032E+002  8.84400740739E-005
  2.30500681000E+003  7.43001527442E+002  8.86588375833E-005
  2.30600681000E+003  7.75716836086E+002  9.05896930974E-005
  2.30700681000E+003  7.59537595560E+002  8.96399936995E-005
  2.30800681000E+003  7.52213461341E+002  8.92067526392E-005
  2.30900681000E+003  7.50328468126E+002  8.90949096519E-005
  2.31000681000E+003  7.61926862440E+002  8.97808726387E-005
  2.31100681000E+003  7.57015920557E+002  8.94910669965E-005
  2.31200681000E+003  7.58265038247E+002  8.95648691432E-005
  2.31300681000E+003  7.64732100236E+002  8.99459969544E-005
  2.31400681000E+003  7.65774564422E+002  9.00072821728E-005
  2.31500681000E+003  7.67759776824E+002  9.01238751788E-005
  2.31600681000E+003  7.88002685159E+002  9.13042573400E-005
  2.31700681000E+003  7.67113534639E+002  9.00859374587E-005
  2.31800681000E+003  7.64549580012E+002  8.99352625134E-005
  2.31900681000E+003  7.64743130554E+002  8.99466456322E-005
  2.32000681000E+003  7.68083923183E+002  9.01428982145E-005
  2.32100681000E+003  7.78857209311E+002  9.07728772766E-005
  2.32200681000E+003  7.97195909600E+002  9.18353129870E-005
  2.32300681000E+003  7.82481052412E+002  9.09838048514E-005
  2.32400681000E+003  7.79922082299E+002  9.08349095509E-005
  2.32500681000E+003  7.86230244268E+002  9.12015149852E-005
  2.32600681000E+003  7.90807001069E+002  9.14665782235E-005
  2.32700681000E+003  7.96353062862E+002  9.17867530517E-005
  2.32800681000E+003  7.95405627503E+002  9.17321366385E-005
  2.32900681000E+003  8.35734394538E+002  9.40288917791E-005
  2.33000681000E+003  7.99561570587E+002  9.19714716660E-005
  2.33100681000E+003  7.96145959617E+002  9.17748170327E-005
  2.33200681000E+003  7.94332171883E+002  9.16702162674E-005
  2.33300681000E+003  8.01923918501E+002  9.21072388013E-005
  2.33400681000E+003  8.01980926463E+002  9.21105126484E-005
  2.33500681000E+003  8.10772599654E+002  9.26140148002E-005
  2.33600681000E+003  8.20378764885E+002  9.31610521572E-005
  2.33700681000E+003  8.17612613712E+002  9.30038594325E-005
  2.33800681000E+003  8.17783749105E+002  9.30135922932E-005
  2.33900681000E+003  8.21671842442E+002  9.32344432781E-005
  2.34000681000E+003  8.25500171109E+002  9.34513895609E-005
  2.34100681000E+003  8.23492999210E+002  9.33377086873E-005
  2.34200681000E+003  8.31893244135E+002  9.38125580482E-005
  2.34300681000E+003  8.28930387242E+002  9.36453484235E-005
  2.34400681000E+003  8.24634026806E+002  9.34023504240E-005
  2.34500681000E+003  8.26592777528E+002  9.35132137906E-005
  2.34600681000E+003  8.27720588037E+002  9.35769871734E-005
  2.34700681000E+003  8.54790076587E+002  9.50948319928E-005
  2.34800681000E+003  8.33562000314E+002  9.39066036825E-005
  2.34900681000E+003  8.32559538641E+002  9.38501195271E-005
  2.35000681000E+003  8.31440518782E+002  9.37870276670E-005
  2.35100681000E+003  8.28020053596E+002  9.35939135076E-005
  2.35200681000E+003  8.26618102408E+002  9.35146462933E-005
  2.35300681000E+003  8.27758443622E+002  9.35791270085E-005
  2.35400681000E+003  8.39745376899E+002  9.42542605056E-005
  2.35500681000E+003  8.39472652338E+002  9.42389537590E-005
  2.35600681000E+003  8.37946203878E+002  9.41532354468E-005
  2.35700681000E+003  8.45296823723E+002  9.45652985869E-005
  2.35800681000E+003  8.51802614786E+002  9.49285099661E-005
  2.35900681000E+003  8.46536720435E+002  9.46346282202E-005
  2.36000681000E+003  8.47314900154E+002  9.46781147167E-005
  2.36100681000E+003  8.47758820566E+002  9.47029130792E-005
  2.36200681000E+003  8.48473195954E+002  9.47428060195E-005
  2.36300681000E+003  8.53088745930E+002  9.50001488997E-005
  2.36400681000E+003  8.55966622669E+002  9.51602544761E-005
  2.36500681000E+003  8.58641125620E+002  9.53088045952E-005
  2.36600681000E+003  8.65353243871E+002  9.56806005687E-005
  2.36700681000E+003  8.64808565118E+002  9.56504837385E-005
  2.36800681000E+003  8.62864939169E+002  9.55429377780E-005
  2.36900681000E+003  8.61576565955E+002  9.54715819146E-005
  2.37000681000E+003  8.64174144600E+002  9.56153928727E-005
  2.37100681000E+003  8.66915365392E+002  9.57669221573E-005
  2.37200681000E+003  8.71198740788E+002  9.60032198642E-005
  2.37300681000E+003  8.69976595295E+002  9.59358580359E-005
  2.37400681000E+003  8.68359285151E+002  9.58466428690E-005
  2.37500681000E+003  8.66296101229E+002  9.57327114258E-005
  2.37600681000E+003  8.71020154593E+002  9.59933795558E-005
  2.37700681000E+003  8.77503277849E+002  9.63499632485E-005
  2.37800681000E+003  8.73586803572E+002  9.61347081298E-005
  2.37900681000E+003  8.73885760647E+002  9.61511562335E-005
  2.38000681000E+003  8.75905527422E+002  9.62622066912E-005
  2.38100681000E+003  8.81261827418E+002  9.65560873577E-005
  2.38200681000E+003  8.76307038071E+002  9.62842672169E-005
  2.38300681000E+003  8.72781040379E+002  9.60903624052E-005
  2.38400681000E+003  8.72038401887E+002  9.60494726603E-005
  2.38500681000E+003  8.73992779743E+002  9.61570435561E-005
  2.38600681000E+003  8.76378971334E+002  9.62882189707E-005
  2.38700681000E+003  8.74593560316E+002  9.61900869409E-005
  2.38800681000E+003  8.75529112534E+002  9.62415204297E-005
  2.38900681000E+003  8.77876322296E+002  9.63704412344E-005
  2.39000681000E+003  8.90100937184E+002  9.70391109072E-005
  2.39100681000E+003  8.81249872018E+002  9.65554324045E-005
  2.39200681000E+003  8.79870719133E+002  9.64798483682E-005
  2.39300681000E+003  8.79542343248E+002  9.64618431025E-005
  2.39400681000E+003  8.82015056657E+002  9.65973425965E-005
  2.39500681000E+003  8.93146669894E+002  9.72049925405E-005
  2.39600681000E+003  8.88044387032E+002  9.69269431766E-005
  2.39700681000E+003  8.87692847344E+002  9.69077566131E-005
  2.39800681000E+003  8.89214509274E+002  9.69907795331E-005
