#date,time,06/04/2021,18:33:41
#lambda, 0.10000000E+06
# iter, Jreg,sqrt(2*Jreg/area)
  1.23538009400E+000  1.22820231643E-027  1.13988787923E-019
  2.23538009400E+000  4.80034378789E+001  2.25353003328E-005
  3.23538009400E+000  1.67656594825E+001  1.33179536848E-005
  4.23538009400E+000  7.53595595949E+001  2.82355567440E-005
  5.23538009400E+000  1.47184554733E+002  3.94601106576E-005
  6.23538009400E+000  1.80017530763E+002  4.36399837096E-005
  7.23538009400E+000  2.01832026520E+002  4.62085371509E-005
  8.23538009400E+000  2.25379900533E+002  4.88297803905E-005
  9.23538009400E+000  2.66152398708E+002  5.30630698976E-005
  1.02353800940E+001  5.58533286435E+003  2.43081389324E-004
  1.12353800940E+001  8.16439974030E+002  9.29371413153E-005
  1.22353800940E+001  4.81590054950E+002  7.13782563403E-005
  1.32353800940E+001  4.82302017940E+002  7.14309981983E-005
  1.42353800940E+001  4.36991459538E+002  6.79929139952E-005
  1.52353800940E+001  4.77741464934E+002  7.10924773171E-005
  1.62353800940E+001  7.00228892775E+002  8.60690863727E-005
  1.72353800940E+001  8.72215492910E+002  9.60592248889E-005
  1.82353800940E+001  6.33830333469E+002  8.18867603035E-005
  1.92353800940E+001  7.19497394955E+002  8.72452502217E-005
  2.02353800940E+001  6.23477468831E+002  8.12152454970E-005
  2.12353800940E+001  6.29611503441E+002  8.16137825919E-005
  2.22353800940E+001  6.99377187762E+002  8.60167265106E-005
  2.32353800940E+001  1.00029999466E+003  1.02870846338E-004
  2.42353800940E+001  7.57718788609E+002  8.95326023305E-005
  2.52353800940E+001  7.77504957472E+002  9.06940431118E-005
  2.62353800940E+001  8.08207237627E+002  9.24673789168E-005
  2.72353800940E+001  8.39148724710E+002  9.42207699945E-005
  2.82353800940E+001  8.12074533732E+002  9.26883445045E-005
  2.92353800940E+001  8.28503502820E+002  9.36212324729E-005
  3.02353800940E+001  8.41221700497E+002  9.43370764925E-005
  3.12353800940E+001  9.01960475025E+002  9.76834372393E-005
  3.22353800940E+001  8.11875299920E+002  9.26769737594E-005
  3.32353800940E+001  7.89801028309E+002  9.14083831350E-005
  3.42353800940E+001  7.82168017099E+002  9.09656037762E-005
  3.52353800940E+001  7.62090048450E+002  8.97904865523E-005
  3.62353800940E+001  7.54536293975E+002  8.93443815475E-005
  3.72353800940E+001  7.39599390634E+002  8.84556242924E-005
  3.82353800940E+001  7.68164766137E+002  9.01476419842E-005
  3.92353800940E+001  7.15929596538E+002  8.70286682657E-005
  4.02353800940E+001  7.14203506457E+002  8.69236928778E-005
  4.12353800940E+001  7.18108906672E+002  8.71610264923E-005
  4.22353800940E+001  7.68032294854E+002  9.01398685941E-005
  4.32353800940E+001  7.25744175632E+002  8.76231696611E-005
  4.42353800940E+001  8.80396231222E+002  9.65086558722E-005
  4.52353800940E+001  8.19469634133E+002  9.31094180471E-005
  4.62353800940E+001  9.63134147429E+002  1.00941689645E-004
  4.72353800940E+001  7.99849508332E+002  9.19880305373E-005
  4.82353800940E+001  7.65333886436E+002  8.99813803359E-005
  4.92353800940E+001  7.64812040644E+002  8.99506980333E-005
  5.02353800940E+001  7.82196759841E+002  9.09672751414E-005
  5.12353800940E+001  9.42804938372E+002  9.98707023180E-005
  5.22353800940E+001  7.91910586282E+002  9.15303775900E-005
  5.32353800940E+001  7.91240530270E+002  9.14916462865E-005
  5.42353800940E+001  7.94014265522E+002  9.16518703774E-005
  5.52353800940E+001  8.11638103676E+002  9.26634345891E-005
  5.62353800940E+001  8.08951189134E+002  9.25099270526E-005
  5.72353800940E+001  8.66745858113E+002  9.57575590841E-005
  5.82353800940E+001  8.15182727754E+002  9.28655562044E-005
  5.92353800940E+001  8.00766863481E+002  9.20407664025E-005
  6.02353800940E+001  8.01949047867E+002  9.21086819422E-005
  6.12353800940E+001  8.21238163053E+002  9.32098354049E-005
  6.22353800940E+001  8.10347379015E+002  9.25897252797E-005
  6.32353800940E+001  8.30180402757E+002  9.37159297672E-005
  6.42353800940E+001  8.45074681119E+002  9.45528719686E-005
  6.52353800940E+001  8.69011319123E+002  9.58826207995E-005
  6.62353800940E+001  8.51272387925E+002  9.48989599974E-005
  6.72353800940E+001  8.42783952939E+002  9.44246336528E-005
  6.82353800940E+001  8.58609231842E+002  9.53070344807E-005
  6.92353800940E+001  8.51476993214E+002  9.49103639046E-005
  7.02353800940E+001  8.41885900877E+002  9.43743118364E-005
  7.12353800940E+001  8.34633086912E+002  9.39669170212E-005
  7.22353800940E+001  8.59605401771E+002  9.53623067023E-005
  7.32353800940E+001  8.27836792345E+002  9.35835556143E-005
  7.42353800940E+001  8.34821893692E+002  9.39775447977E-005
  7.52353800940E+001  8.23627498892E+002  9.33453307191E-005
  7.62353800940E+001  8.17414010248E+002  9.29925631229E-005
  7.72353800940E+001  8.19915059861E+002  9.31347195923E-005
  7.82353800940E+001  8.50014694503E+002  9.48288309082E-005
  7.92353800940E+001  8.13057282187E+002  9.27444118862E-005
  8.02353800940E+001  7.96589828266E+002  9.18003966939E-005
  8.12353800940E+001  7.97568145213E+002  9.18567508695E-005
  8.22353800940E+001  7.87009621592E+002  9.12467070817E-005
  8.32353800940E+001  7.83958728251E+002  9.10696734846E-005
  8.42353800940E+001  7.84487407332E+002  9.11003756856E-005
  8.52353800940E+001  7.80510168370E+002  9.08691493040E-005
  8.62353800940E+001  7.98350007853E+002  9.19017638064E-005
  8.72353800940E+001  7.72425122912E+002  9.03972824849E-005
  8.82353800940E+001  7.78088761629E+002  9.07280863828E-005
  8.92353800940E+001  7.61653496782E+002  8.97647653125E-005
  9.02353800940E+001  7.42407272791E+002  8.86233757010E-005
  9.12353800940E+001  7.37705925703E+002  8.83423231193E-005
  9.22353800940E+001  7.31102829732E+002  8.79460649196E-005
  9.32353800940E+001  7.29403897463E+002  8.78438212238E-005
  9.42353800940E+001  7.28325377580E+002  8.77788528600E-005
  9.52353800940E+001  7.31330957830E+002  8.79597848800E-005
  9.62353800940E+001  7.72380462841E+002  9.03946691524E-005
  9.72353800940E+001  7.25462679764E+002  8.76061747246E-005
  9.82353800940E+001  7.21656916131E+002  8.73760823867E-005
  9.92353800940E+001  7.20377255414E+002  8.72985792487E-005
  1.00235380094E+002  7.29236194458E+002  8.78337222103E-005
