#date,time,06/25/2021,09:34:56
#lambda, 0.10000000E+06
# iter, Jreg,sqrt(2*Jreg/area)
  2.11200681000E+003  1.41555480710E+002  3.86981785512E-005
  2.11300681000E+003  1.98837248440E+002  4.58644354333E-005
  2.11400681000E+003  1.43521376787E+002  3.89659685406E-005
  2.11500681000E+003  1.45747351604E+002  3.92669812966E-005
  2.11600681000E+003  2.15792840239E+002  4.77799504710E-005
  2.11700681000E+003  1.52867947437E+002  4.02147521845E-005
  2.11800681000E+003  1.47363448655E+002  3.94840840639E-005
  2.11900681000E+003  1.62730669212E+002  4.14917626458E-005
  2.12000681000E+003  1.46602334428E+002  3.93819868256E-005
  2.12100681000E+003  1.46123088660E+002  3.93175639076E-005
  2.12200681000E+003  1.88676734025E+002  4.46772419070E-005
  2.12300681000E+003  1.75969749529E+002  4.31465611598E-005
  2.12400681000E+003  1.49779224231E+002  3.98064059854E-005
  2.12500681000E+003  1.49457317046E+002  3.97636067902E-005
  2.12600681000E+003  1.50555829929E+002  3.99094707237E-005
  2.12700681000E+003  1.55572857045E+002  4.05689804397E-005
  2.12800681000E+003  1.83813772437E+002  4.40977269225E-005
  2.12900681000E+003  2.17543132155E+002  4.79733303051E-005
  2.13000681000E+003  2.30431625258E+002  4.93739895864E-005
  2.13100681000E+003  3.13038070606E+002  5.75474068614E-005
  2.13200681000E+003  1.93142922741E+002  4.52029292714E-005
  2.13300681000E+003  1.80668693360E+002  4.37188401243E-005
  2.13400681000E+003  1.77793782747E+002  4.33696047964E-005
  2.13500681000E+003  1.78648011925E+002  4.34736668959E-005
  2.13600681000E+003  1.80943372007E+002  4.37520613504E-005
  2.13700681000E+003  1.81547579806E+002  4.38250491169E-005
  2.13800681000E+003  1.86908127831E+002  4.44673525159E-005
  2.13900681000E+003  1.95658122807E+002  4.54963043894E-005
  2.14000681000E+003  2.12267115517E+002  4.73880173512E-005
  2.14100681000E+003  2.09077491177E+002  4.70306325245E-005
  2.14200681000E+003  2.01063211238E+002  4.61204447756E-005
  2.14300681000E+003  2.01404406686E+002  4.61595603739E-005
  2.14400681000E+003  1.95299200940E+002  4.54545552557E-005
  2.14500681000E+003  1.94160937525E+002  4.53219001665E-005
  2.14600681000E+003  1.93850699529E+002  4.52856771322E-005
  2.14700681000E+003  1.96314518890E+002  4.55725562486E-005
  2.14800681000E+003  1.94424115132E+002  4.53526058024E-005
  2.14900681000E+003  1.94429646100E+002  4.53532508921E-005
  2.15000681000E+003  1.95326829057E+002  4.54577702698E-005
  2.15100681000E+003  1.96501183346E+002  4.55942172935E-005
  2.15200681000E+003  1.99213937821E+002  4.59078590653E-005
  2.15300681000E+003  2.17287208288E+002  4.79451034125E-005
  2.15400681000E+003  2.01259384357E+002  4.61429386610E-005
  2.15500681000E+003  2.00162234017E+002  4.60169944093E-005
  2.15600681000E+003  1.98498808304E+002  4.58253859678E-005
  2.15700681000E+003  1.96947537272E+002  4.56459717249E-005
  2.15800681000E+003  1.97572756791E+002  4.57183669917E-005
  2.15900681000E+003  1.96236420938E+002  4.55634904969E-005
  2.16000681000E+003  1.96072753037E+002  4.55444857771E-005
  2.16100681000E+003  1.96756238384E+002  4.56237979391E-005
  2.16200681000E+003  1.98214989733E+002  4.57926131061E-005
  2.16300681000E+003  2.02784937031E+002  4.63174909947E-005
  2.16400681000E+003  2.01865316462E+002  4.62123477851E-005
  2.16500681000E+003  2.00552775293E+002  4.60618649569E-005
  2.16600681000E+003  1.99820323257E+002  4.59776752282E-005
  2.16700681000E+003  2.01556778372E+002  4.61770179867E-005
  2.16800681000E+003  1.99753397573E+002  4.59699749478E-005
  2.16900681000E+003  1.99346334350E+002  4.59231115917E-005
  2.17000681000E+003  1.99577534586E+002  4.59497344979E-005
  2.17100681000E+003  2.00019489747E+002  4.60005831372E-005
  2.17200681000E+003  1.99881187724E+002  4.59846770027E-005
  2.17300681000E+003  1.99772094045E+002  4.59721262410E-005
  2.17400681000E+003  1.99761364642E+002  4.59708916840E-005
  2.17500681000E+003  1.98948720441E+002  4.58772898760E-005
  2.17600681000E+003  1.97896691390E+002  4.57558309003E-005
  2.17700681000E+003  1.97859072678E+002  4.57514817693E-005
  2.17800681000E+003  1.97176669877E+002  4.56725167133E-005
  2.17900681000E+003  1.96280737840E+002  4.55686351045E-005
  2.18000681000E+003  1.95172653503E+002  4.54398263435E-005
  2.18100681000E+003  1.95443892229E+002  4.54713900929E-005
  2.18200681000E+003  1.94109768833E+002  4.53159277624E-005
  2.18300681000E+003  1.92450372655E+002  4.51218147131E-005
  2.18400681000E+003  1.91780829668E+002  4.50432559753E-005
  2.18500681000E+003  1.90138248845E+002  4.48499460036E-005
  2.18600681000E+003  1.88656572956E+002  4.46748548478E-005
  2.18700681000E+003  1.86653219172E+002  4.44370194835E-005
  2.18800681000E+003  1.85920506699E+002  4.43497143333E-005
  2.18900681000E+003  1.86163933056E+002  4.43787384526E-005
  2.19000681000E+003  1.84866185520E+002  4.42237859922E-005
  2.19100681000E+003  1.84135124617E+002  4.41362569857E-005
  2.19200681000E+003  1.84630572654E+002  4.41955952903E-005
  2.19300681000E+003  1.89314346023E+002  4.47526691164E-005
  2.19400681000E+003  1.83814067253E+002  4.40977622863E-005
  2.19500681000E+003  1.82541860156E+002  4.39448934220E-005
  2.19600681000E+003  1.81832952959E+002  4.38594797097E-005
  2.19700681000E+003  1.80615192214E+002  4.37123664482E-005
  2.19800681000E+003  1.88067628385E+002  4.46050677760E-005
  2.19900681000E+003  1.80586838633E+002  4.37089352563E-005
  2.20000681000E+003  1.78642404196E+002  4.34729845753E-005
  2.20100681000E+003  1.77971292279E+002  4.33912495286E-005
  2.20200681000E+003  1.77579522298E+002  4.33434644214E-005
  2.20300681000E+003  1.78402587502E+002  4.34437948408E-005
  2.20400681000E+003  1.78911843922E+002  4.35057565696E-005
  2.20500681000E+003  1.79210653599E+002  4.35420719899E-005
  2.20600681000E+003  1.79751451436E+002  4.36077202090E-005
  2.20700681000E+003  1.80957710762E+002  4.37537948697E-005
  2.20800681000E+003  1.85494445138E+002  4.42988685531E-005
  2.20900681000E+003  1.85038117905E+002  4.42443460906E-005
  2.21000681000E+003  1.84186626314E+002  4.41424289022E-005
  2.21100681000E+003  1.84097343054E+002  4.41317287287E-005
  2.21200681000E+003  1.88083191074E+002  4.46069132835E-005
  2.21300681000E+003  1.86140497403E+002  4.43759450075E-005
  2.21400681000E+003  1.86353702785E+002  4.44013518448E-005
  2.21500681000E+003  1.87327444468E+002  4.45172044269E-005
  2.21600681000E+003  1.88996731362E+002  4.47151123467E-005
  2.21700681000E+003  1.93123699373E+002  4.52006797088E-005
  2.21800681000E+003  1.90751565119E+002  4.49222225066E-005
  2.21900681000E+003  1.89552878945E+002  4.47808540499E-005
  2.22000681000E+003  1.89138033714E+002  4.47318247257E-005
  2.22100681000E+003  1.89029890884E+002  4.47190348133E-005
  2.22200681000E+003  2.00206249113E+002  4.60220536331E-005
  2.22300681000E+003  1.90053466110E+002  4.48399455826E-005
  2.22400681000E+003  1.90486116582E+002  4.48909549004E-005
  2.22500681000E+003  1.90903567171E+002  4.49401172753E-005
  2.22600681000E+003  1.91673252985E+002  4.50306210217E-005
  2.22700681000E+003  1.92822445949E+002  4.51654117072E-005
  2.22800681000E+003  1.96970224661E+002  4.56486007452E-005
  2.22900681000E+003  1.94143655740E+002  4.53198831264E-005
  2.23000681000E+003  1.93323837315E+002  4.52240948271E-005
  2.23100681000E+003  1.93416861954E+002  4.52349741092E-005
  2.23200681000E+003  1.94246771456E+002  4.53319169264E-005
  2.23300681000E+003  2.01558183150E+002  4.61771789049E-005
  2.23400681000E+003  1.97714048924E+002  4.57347115809E-005
  2.23500681000E+003  1.97613581483E+002  4.57230901677E-005
  2.23600681000E+003  1.98729524069E+002  4.58520097262E-005
  2.23700681000E+003  2.01204269891E+002  4.61366201543E-005
  2.23800681000E+003  2.00739883324E+002  4.60833469224E-005
  2.23900681000E+003  2.00743032536E+002  4.60837083993E-005
  2.24000681000E+003  2.01111814618E+002  4.61260188288E-005
  2.24100681000E+003  2.01859626536E+002  4.62116964927E-005
  2.24200681000E+003  2.05853754245E+002  4.66666445936E-005
  2.24300681000E+003  2.02936505420E+002  4.63347973990E-005
  2.24400681000E+003  2.03303310917E+002  4.63766533119E-005
  2.24500681000E+003  2.03832880142E+002  4.64370155254E-005
  2.24600681000E+003  2.04475523991E+002  4.65101611768E-005
  2.24700681000E+003  2.06268437438E+002  4.67136248810E-005
  2.24800681000E+003  2.15554214455E+002  4.77535254010E-005
  2.24900681000E+003  2.07864905317E+002  4.68940525236E-005
  2.25000681000E+003  2.08379444834E+002  4.69520563739E-005
  2.25100681000E+003  2.08681661132E+002  4.69860917259E-005
  2.25200681000E+003  2.09109071219E+002  4.70341842537E-005
  2.25300681000E+003  2.11495944004E+002  4.73018581246E-005
  2.25400681000E+003  2.10092828064E+002  4.71446909580E-005
  2.25500681000E+003  2.09707750622E+002  4.71014655812E-005
  2.25600681000E+003  2.09787563500E+002  4.71104279249E-005
  2.25700681000E+003  2.10011644349E+002  4.71355812922E-005
  2.25800681000E+003  2.10600278850E+002  4.72015924289E-005
  2.25900681000E+003  2.20254317659E+002  4.82713444540E-005
  2.26000681000E+003  2.11392559500E+002  4.72902955461E-005
  2.26100681000E+003  2.11587462940E+002  4.73120912936E-005
  2.26200681000E+003  2.11960540676E+002  4.73537840144E-005
  2.26300681000E+003  2.12451325154E+002  4.74085750255E-005
  2.26400681000E+003  2.13861980222E+002  4.75657086636E-005
  2.26500681000E+003  2.14869168086E+002  4.76775829936E-005
  2.26600681000E+003  2.14623592019E+002  4.76503296170E-005
  2.26700681000E+003  2.15981146093E+002  4.78007928734E-005
  2.26800681000E+003  2.15498404690E+002  4.77473429990E-005
  2.26900681000E+003  2.14507404893E+002  4.76374300465E-005
  2.27000681000E+003  2.14534560759E+002  4.76404453148E-005
  2.27100681000E+003  2.14442917930E+002  4.76302689322E-005
  2.27200681000E+003  2.14459774650E+002  4.76321409323E-005
  2.27300681000E+003  2.23666397799E+002  4.86438063984E-005
  2.27400681000E+003  2.14480676380E+002  4.76344620433E-005
  2.27500681000E+003  2.14399953567E+002  4.76254972505E-005
  2.27600681000E+003  2.14554949913E+002  4.76427091116E-005
  2.27700681000E+003  2.15305890055E+002  4.77260107850E-005
  2.27800681000E+003  2.17111635560E+002  4.79257291616E-005
  2.27900681000E+003  2.22481108880E+002  4.85147446470E-005
  2.28000681000E+003  2.19611605595E+002  4.82008640166E-005
  2.28100681000E+003  2.18145039339E+002  4.80396517421E-005
  2.28200681000E+003  2.17539735925E+002  4.79729558297E-005
  2.28300681000E+003  2.17284672811E+002  4.79448236812E-005
