#date,time,06/29/2021,14:59:07
#lambda, 0.10000000E+01
# iter, Lambda*J0, sqrt(2*J0/Nobs)
  2.23800681000E+003  2.16477491962E+008  2.15345400696E+001
  2.23900681000E+003  2.16473326551E+008  2.15343328872E+001
  2.24000681000E+003  2.16477166165E+008  2.15345238649E+001
  2.24100681000E+003  2.16476447835E+008  2.15344881362E+001
  2.24200681000E+003  2.16467434886E+008  2.15340398397E+001
  2.24300681000E+003  2.16461544241E+008  2.15337468389E+001
  2.24400681000E+003  2.16465533143E+008  2.15339452474E+001
  2.24500681000E+003  2.16464530477E+008  2.15338953749E+001
  2.24600681000E+003  2.16459004210E+008  2.15336204965E+001
  2.24700681000E+003  2.16456747183E+008  2.15335082303E+001
  2.24800681000E+003  2.16456662184E+008  2.15335040023E+001
  2.24900681000E+003  2.16456603085E+008  2.15335010627E+001
  2.25000681000E+003  2.16457012466E+008  2.15335214257E+001
  2.25100681000E+003  2.16459521206E+008  2.15336462123E+001
  2.25200681000E+003  2.16470636319E+008  2.15341990774E+001
  2.25300681000E+003  2.16513205976E+008  2.15363163585E+001
  2.25400681000E+003  2.16520239248E+008  2.15366661514E+001
  2.25500681000E+003  2.16538901962E+008  2.15375942955E+001
  2.25600681000E+003  2.16610773609E+008  2.15411682814E+001
  2.25700681000E+003  2.16831133591E+008  2.15521225030E+001
  2.25800681000E+003  2.17702718645E+008  2.15953950456E+001
  2.25900681000E+003  2.19859535497E+008  2.17021059721E+001
  2.26000681000E+003  2.27749744618E+008  2.20880906561E+001
  2.26100681000E+003  2.45033098178E+008  2.29108711252E+001
  2.26200681000E+003  2.57704248367E+008  2.34957880493E+001
  2.26300681000E+003  2.71377034703E+008  2.41110305388E+001
  2.26400681000E+003  2.81613383667E+008  2.45615557641E+001
  2.26500681000E+003  2.82882132461E+008  2.46168220014E+001
  2.26600681000E+003  2.92209342458E+008  2.50193645577E+001
  2.26700681000E+003  3.00305213368E+008  2.53635864021E+001
  2.26800681000E+003  2.98092143833E+008  2.52699563645E+001
  2.26900681000E+003  2.98071464178E+008  2.52690798184E+001
  2.27000681000E+003  2.99134535794E+008  2.53141007878E+001
  2.27100681000E+003  2.99990705792E+008  2.53503013685E+001
  2.27200681000E+003  3.02416416368E+008  2.54525856837E+001
  2.27300681000E+003  3.00977823886E+008  2.53919746426E+001
  2.27400681000E+003  3.01279273256E+008  2.54046873385E+001
  2.27500681000E+003  3.00885066269E+008  2.53880615959E+001
  2.27600681000E+003  2.99783497682E+008  2.53415449382E+001
  2.27700681000E+003  2.97413322658E+008  2.52411673497E+001
  2.27800681000E+003  2.98711332504E+008  2.52961877734E+001
  2.27900681000E+003  2.97498652970E+008  2.52447880385E+001
  2.28000681000E+003  2.96506554063E+008  2.52026597103E+001
  2.28100681000E+003  2.95117645446E+008  2.51435627374E+001
  2.28200681000E+003  2.92495055967E+008  2.50315931604E+001
  2.28300681000E+003  2.90316219839E+008  2.49381869865E+001
  2.28400681000E+003  2.86318226210E+008  2.47658777154E+001
  2.28500681000E+003  2.87225720566E+008  2.48050947677E+001
  2.28600681000E+003  2.87467009422E+008  2.48155115515E+001
  2.28700681000E+003  2.87036838726E+008  2.47969374160E+001
  2.28800681000E+003  2.86151100570E+008  2.47586486658E+001
  2.28900681000E+003  2.86174163640E+008  2.47596463886E+001
  2.29000681000E+003  2.87004994435E+008  2.47955618734E+001
  2.29100681000E+003  2.87458340441E+008  2.48151373750E+001
  2.29200681000E+003  2.87273487892E+008  2.48071572985E+001
  2.29300681000E+003  2.86354940792E+008  2.47674655286E+001
  2.29400681000E+003  2.86686789697E+008  2.47818125422E+001
  2.29500681000E+003  2.86505714188E+008  2.47739850310E+001
  2.29600681000E+003  2.86330927694E+008  2.47664270341E+001
  2.29700681000E+003  2.85984843358E+008  2.47514550852E+001
  2.29800681000E+003  2.84456924235E+008  2.46852472594E+001
  2.29900681000E+003  2.83908189315E+008  2.46614260849E+001
  2.30000681000E+003  2.82980173442E+008  2.46210874675E+001
  2.30100681000E+003  2.80702706673E+008  2.45218102169E+001
  2.30200681000E+003  2.77725136899E+008  2.43914052337E+001
  2.30300681000E+003  2.69361712753E+008  2.40213360678E+001
  2.30400681000E+003  2.60224130690E+008  2.36103817962E+001
  2.30500681000E+003  2.53697938992E+008  2.33124381173E+001
  2.30600681000E+003  2.46061608103E+008  2.29589041933E+001
  2.30700681000E+003  2.39317372866E+008  2.26420810212E+001
  2.30800681000E+003  2.34975763734E+008  2.24357587643E+001
  2.30900681000E+003  2.30680684134E+008  2.22297634915E+001
  2.31000681000E+003  2.29854219916E+008  2.21899062550E+001
  2.31100681000E+003  2.30008700862E+008  2.21973617239E+001
  2.31200681000E+003  2.29838493641E+008  2.21891471423E+001
  2.31300681000E+003  2.29471875264E+008  2.21714429805E+001
  2.31400681000E+003  2.29152345761E+008  2.21560012231E+001
  2.31500681000E+003  2.29174647824E+008  2.21570793541E+001
  2.31600681000E+003  2.29117414278E+008  2.21543124525E+001
  2.31700681000E+003  2.29098666978E+008  2.21534060569E+001
  2.31800681000E+003  2.29088926354E+008  2.21529351020E+001
  2.31900681000E+003  2.29078324950E+008  2.21524225173E+001
  2.32000681000E+003  2.29074128138E+008  2.21522195955E+001
  2.32100681000E+003  2.29075061386E+008  2.21522647196E+001
  2.32200681000E+003  2.29067905628E+008  2.21519187249E+001
  2.32300681000E+003  2.29062533912E+008  2.21516589886E+001
  2.32400681000E+003  2.29052840795E+008  2.21511902937E+001
  2.32500681000E+003  2.29039932666E+008  2.21505661267E+001
  2.32600681000E+003  2.29043082027E+008  2.21507184143E+001
  2.32700681000E+003  2.29105980940E+008  2.21537596772E+001
  2.32800681000E+003  2.29654374403E+008  2.21802577102E+001
  2.32900681000E+003  2.29303221169E+008  2.21632938512E+001
  2.33000681000E+003  2.29555515973E+008  2.21754832714E+001
  2.33100681000E+003  2.29834460726E+008  2.21889524679E+001
  2.33200681000E+003  2.30350529528E+008  2.22138499643E+001
  2.33300681000E+003  2.31497158185E+008  2.22690688919E+001
  2.33400681000E+003  2.34180772625E+008  2.23977732710E+001
  2.33500681000E+003  2.34339003810E+008  2.24053388531E+001
  2.33600681000E+003  2.34744178253E+008  2.24247000135E+001
  2.33700681000E+003  2.36056799487E+008  2.24873088162E+001
  2.33800681000E+003  2.39633250659E+008  2.26570188672E+001
  2.33900681000E+003  2.45061540649E+008  2.29122007882E+001
  2.34000681000E+003  2.44993654395E+008  2.29090270319E+001
  2.34100681000E+003  2.45105941942E+008  2.29142763592E+001
  2.34200681000E+003  2.45564908472E+008  2.29357200809E+001
  2.34300681000E+003  2.46639642420E+008  2.29858552683E+001
  2.34400681000E+003  2.46870940178E+008  2.29966307683E+001
  2.34500681000E+003  2.46939725037E+008  2.29998342839E+001
  2.34600681000E+003  2.47194259625E+008  2.30116848388E+001
  2.34700681000E+003  2.47737895942E+008  2.30369749024E+001
  2.34800681000E+003  2.47563441398E+008  2.30288622705E+001
  2.34900681000E+003  2.47621429602E+008  2.30315592037E+001
  2.35000681000E+003  2.47745184655E+008  2.30373137861E+001
  2.35100681000E+003  2.47615607555E+008  2.30312884445E+001
  2.35200681000E+003  2.47648764002E+008  2.30328303710E+001
  2.35300681000E+003  2.47596270447E+008  2.30303891328E+001
  2.35400681000E+003  2.47595533253E+008  2.30303548474E+001
  2.35500681000E+003  2.47682964888E+008  2.30344207605E+001
  2.35600681000E+003  2.48012891314E+008  2.30497571705E+001
  2.35700681000E+003  2.48149098474E+008  2.30560856945E+001
  2.35800681000E+003  2.48085440574E+008  2.30531282061E+001
  2.35900681000E+003  2.48043805043E+008  2.30511936518E+001
  2.36000681000E+003  2.48331386685E+008  2.30645525418E+001
  2.36100681000E+003  2.49068371148E+008  2.30987520527E+001
  2.36200681000E+003  2.49757776192E+008  2.31306978833E+001
  2.36300681000E+003  2.50502486125E+008  2.31651569485E+001
  2.36400681000E+003  2.50917573662E+008  2.31843415644E+001
  2.36500681000E+003  2.50992444557E+008  2.31878002758E+001
  2.36600681000E+003  2.51124631606E+008  2.31939054863E+001
  2.36700681000E+003  2.50908659493E+008  2.31839297340E+001
  2.36800681000E+003  2.50891123950E+008  2.31831195788E+001
  2.36900681000E+003  2.51146597534E+008  2.31949198522E+001
  2.37000681000E+003  2.51774349550E+008  2.32238901238E+001
  2.37100681000E+003  2.51387502190E+008  2.32060416928E+001
  2.37200681000E+003  2.51637249171E+008  2.32175661323E+001
  2.37300681000E+003  2.51958940522E+008  2.32324019818E+001
  2.37400681000E+003  2.52236909307E+008  2.32452137963E+001
  2.37500681000E+003  2.52974167849E+008  2.32791605090E+001
  2.37600681000E+003  2.53973249089E+008  2.33250838828E+001
  2.37700681000E+003  2.54246774951E+008  2.33376409077E+001
  2.37800681000E+003  2.54707132703E+008  2.33587597694E+001
  2.37900681000E+003  2.55094093796E+008  2.33764968086E+001
  2.38000681000E+003  2.56331924156E+008  2.34331447677E+001
  2.38100681000E+003  2.57099294157E+008  2.34681939614E+001
  2.38200681000E+003  2.57342585629E+008  2.34792952391E+001
  2.38300681000E+003  2.57175561775E+008  2.34716745826E+001
  2.38400681000E+003  2.56816346657E+008  2.34552765888E+001
  2.38500681000E+003  2.56554309764E+008  2.34433074979E+001
  2.38600681000E+003  2.56224829208E+008  2.34282490966E+001
  2.38700681000E+003  2.56098657217E+008  2.34224800366E+001
  2.38800681000E+003  2.56049771629E+008  2.34202444208E+001
  2.38900681000E+003  2.55833225415E+008  2.34103388506E+001
  2.39000681000E+003  2.54713121400E+008  2.33590343745E+001
  2.39100681000E+003  2.54572519828E+008  2.33525863943E+001
  2.39200681000E+003  2.54092614722E+008  2.33305645513E+001
  2.39300681000E+003  2.52834198992E+008  2.32727195187E+001
  2.39400681000E+003  2.50859159162E+008  2.31816427089E+001
  2.39500681000E+003  2.49824055871E+008  2.31337668439E+001
  2.39600681000E+003  2.48416915843E+008  2.30685240936E+001
  2.39700681000E+003  2.47359471050E+008  2.30193734442E+001
  2.39800681000E+003  2.45382699079E+008  2.29272093390E+001
  2.39900681000E+003  2.43089030659E+008  2.28198038828E+001
  2.40000681000E+003  2.44188385730E+008  2.28713462484E+001
  2.40100681000E+003  2.42525859444E+008  2.27933549134E+001
  2.40200681000E+003  2.42009717058E+008  2.27690876401E+001
  2.40300681000E+003  2.41565129132E+008  2.27481638629E+001
