#date,time,04/22/2021,19:51:44
#lambda, 0.10000000E+06
# iter, Jreg,sqrt(2*Jreg/area)
  1.20028000000E+000  2.42728864138E-027  1.60261218145E-019
  1.20028000000E+000  1.86966363198E-025  1.40653151626E-018
  2.20028000000E+000  2.42728864138E-027  1.60261218145E-019
  2.20028000000E+000  1.86966363198E-025  1.40653151626E-018
  3.20028000000E+000  2.42728864138E-027  1.60261218145E-019
  3.20028000000E+000  1.86966363198E-025  1.40653151626E-018
  4.20028000000E+000  2.42728864138E-027  1.60261218145E-019
  4.20028000000E+000  1.86966363198E-025  1.40653151626E-018
  5.20028000000E+000  2.42728864138E-027  1.60261218145E-019
  5.20028000000E+000  1.86966363198E-025  1.40653151626E-018
  6.20028000000E+000  2.42728864138E-027  1.60261218145E-019
  6.20028000000E+000  1.86966363198E-025  1.40653151626E-018
  7.20028000000E+000  2.42728864138E-027  1.60261218145E-019
  7.20028000000E+000  1.86966363198E-025  1.40653151626E-018
