#date,time,06/29/2021,15:11:10
#lambda, 0.10000000E+01
# iter, Lambda*J0, sqrt(2*J0/Nobs)
  2.23800681000E+003  2.16477491952E+008  2.15345400691E+001
  2.23900681000E+003  2.15994374127E+008  2.15104970818E+001
  2.24000681000E+003  2.16465203031E+008  2.15339288277E+001
  2.24100681000E+003  2.16449039589E+008  2.15331248442E+001
  2.24200681000E+003  2.16240065167E+008  2.15227275724E+001
  2.24300681000E+003  2.16093600126E+008  2.15154373852E+001
  2.24400681000E+003  2.16195370368E+008  2.15205031842E+001
  2.24500681000E+003  2.16172023534E+008  2.15193411585E+001
  2.24600681000E+003  2.16016134496E+008  2.15115805928E+001
  2.24700681000E+003  2.15900774410E+008  2.15058358617E+001
  2.24800681000E+003  2.15890571516E+008  2.15053277015E+001
  2.24900681000E+003  2.15858640451E+008  2.15037372814E+001
  2.25000681000E+003  2.15806205326E+008  2.15011253414E+001
  2.25100681000E+003  2.15713834567E+008  2.14965233240E+001
  2.25200681000E+003  2.15532403149E+008  2.14874813329E+001
  2.25300681000E+003  2.15199526331E+008  2.14708818607E+001
  2.25400681000E+003  2.15195109526E+008  2.14706615229E+001
  2.25500681000E+003  2.15141200284E+008  2.14679720111E+001
  2.25600681000E+003  2.14924934953E+008  2.14571792261E+001
  2.25700681000E+003  2.14619381348E+008  2.14419212237E+001
  2.25800681000E+003  2.14337619834E+008  2.14278416650E+001
  2.25900681000E+003  2.14145976462E+008  2.14182600008E+001
  2.26000681000E+003  2.14777104242E+008  2.14497985662E+001
  2.26100681000E+003  2.15419328022E+008  2.14818440868E+001
  2.26200681000E+003  2.15863299884E+008  2.15039693655E+001
  2.26300681000E+003  2.16255662620E+008  2.15235037785E+001
  2.26400681000E+003  2.16776141972E+008  2.15493893593E+001
  2.26500681000E+003  2.17007804618E+008  2.15609009018E+001
  2.26600681000E+003  2.17371266934E+008  2.15789493227E+001
  2.26700681000E+003  2.17368793131E+008  2.15788265322E+001
  2.26800681000E+003  2.17167324850E+008  2.15688240456E+001
  2.26900681000E+003  2.16849962452E+008  2.15530582383E+001
  2.27000681000E+003  2.16466760260E+008  2.15340062840E+001
  2.27100681000E+003  2.15622228518E+008  2.14919584321E+001
  2.27200681000E+003  2.15253373917E+008  2.14735679327E+001
  2.27300681000E+003  2.15071100886E+008  2.14644742745E+001
  2.27400681000E+003  2.14934873378E+008  2.14576753252E+001
  2.27500681000E+003  2.14909626479E+008  2.14564150465E+001
  2.27600681000E+003  2.14858753012E+008  2.14538753119E+001
  2.27700681000E+003  2.14564449111E+008  2.14391769979E+001
  2.27800681000E+003  2.14697478382E+008  2.14458220786E+001
  2.27900681000E+003  2.14538428360E+008  2.14378769680E+001
  2.28000681000E+003  2.14227198558E+008  2.14223214151E+001
  2.28100681000E+003  2.13957684151E+008  2.14088417044E+001
  2.28200681000E+003  2.13886549631E+008  2.14052825093E+001
  2.28300681000E+003  2.13833605888E+008  2.14026331003E+001
  2.28400681000E+003  2.13670004421E+008  2.13944440877E+001
  2.28500681000E+003  2.13176001443E+008  2.13696979026E+001
  2.28600681000E+003  2.12032216987E+008  2.13122918100E+001
  2.28700681000E+003  2.12696384103E+008  2.13456448924E+001
  2.28800681000E+003  2.12316490562E+008  2.13265738190E+001
  2.28900681000E+003  2.11923470184E+008  2.13068257991E+001
  2.29000681000E+003  2.11625429408E+008  2.12918379896E+001
  2.29100681000E+003  2.11548113771E+008  2.12879482340E+001
  2.29200681000E+003  2.11297200731E+008  2.12753198809E+001
  2.29300681000E+003  2.11148819173E+008  2.12678483679E+001
  2.29400681000E+003  2.11147800534E+008  2.12677970669E+001
  2.29500681000E+003  2.11098513662E+008  2.12653147196E+001
  2.29600681000E+003  2.11021082987E+008  2.12614143162E+001
  2.29700681000E+003  2.10858985167E+008  2.12532466702E+001
  2.29800681000E+003  2.10705411578E+008  2.12455056392E+001
  2.29900681000E+003  2.10772066542E+008  2.12488657960E+001
  2.30000681000E+003  2.10697016137E+008  2.12450823773E+001
  2.30100681000E+003  2.10589022073E+008  2.12396370300E+001
  2.30200681000E+003  2.10433697037E+008  2.12318026806E+001
  2.30300681000E+003  2.10217478648E+008  2.12208921514E+001
  2.30400681000E+003  2.09975735648E+008  2.12086869869E+001
  2.30500681000E+003  2.10119106029E+008  2.12159263440E+001
  2.30600681000E+003  2.09993709702E+008  2.12095947059E+001
  2.30700681000E+003  2.09895194498E+008  2.12046190505E+001
  2.30800681000E+003  2.09713813730E+008  2.11954550929E+001
  2.30900681000E+003  2.09572909837E+008  2.11883334257E+001
  2.31000681000E+003  2.09370509969E+008  2.11780993935E+001
  2.31100681000E+003  2.09305410092E+008  2.11748066689E+001
  2.31200681000E+003  2.09284258541E+008  2.11737367221E+001
  2.31300681000E+003  2.09254671446E+008  2.11722399743E+001
  2.31400681000E+003  2.09239867274E+008  2.11714910232E+001
  2.31500681000E+003  2.09295929704E+008  2.11743271121E+001
  2.31600681000E+003  2.09292645003E+008  2.11741609560E+001
  2.31700681000E+003  2.09294215488E+008  2.11742403989E+001
  2.31800681000E+003  2.09291223729E+008  2.11740890606E+001
  2.31900681000E+003  2.09222305491E+008  2.11706025287E+001
  2.32000681000E+003  2.09242557188E+008  2.11716271094E+001
  2.32100681000E+003  2.09225926012E+008  2.11707857030E+001
  2.32200681000E+003  2.09176541726E+008  2.11682870503E+001
  2.32300681000E+003  2.09106381491E+008  2.11647367082E+001
  2.32400681000E+003  2.08836094764E+008  2.11510537275E+001
  2.32500681000E+003  2.08991036023E+008  2.11588985478E+001
  2.32600681000E+003  2.08920912851E+008  2.11553485066E+001
  2.32700681000E+003  2.08838468206E+008  2.11511739191E+001
  2.32800681000E+003  2.08650640168E+008  2.11416601613E+001
  2.32900681000E+003  2.08532135802E+008  2.11356555431E+001
  2.33000681000E+003  2.08379066649E+008  2.11278970008E+001
  2.33100681000E+003  2.08237476432E+008  2.11207177483E+001
  2.33200681000E+003  2.08221068852E+008  2.11198856534E+001
  2.33300681000E+003  2.08201812555E+008  2.11189090466E+001
  2.33400681000E+003  2.08181791732E+008  2.11178936182E+001
  2.33500681000E+003  2.08111411099E+008  2.11143236221E+001
  2.33600681000E+003  2.08121177218E+008  2.11148190360E+001
  2.33700681000E+003  2.08056381786E+008  2.11115318878E+001
  2.33800681000E+003  2.07905081434E+008  2.11038542499E+001
  2.33900681000E+003  2.07694931894E+008  2.10931857118E+001
  2.34000681000E+003  2.07650866283E+008  2.10909479745E+001
  2.34100681000E+003  2.07532350913E+008  2.10849283553E+001
  2.34200681000E+003  2.07394989115E+008  2.10779493396E+001
  2.34300681000E+003  2.06986015661E+008  2.10571567069E+001
  2.34400681000E+003  2.06578143133E+008  2.10363995776E+001
  2.34500681000E+003  2.06773843939E+008  2.10463615846E+001
  2.34600681000E+003  2.06677236095E+008  2.10414444222E+001
  2.34700681000E+003  2.06579027183E+008  2.10364445902E+001
  2.34800681000E+003  2.06446004194E+008  2.10296704723E+001
  2.34900681000E+003  2.06249762988E+008  2.10196730178E+001
  2.35000681000E+003  2.06112256198E+008  2.10126649378E+001
  2.35100681000E+003  2.06086310786E+008  2.10113423589E+001
  2.35200681000E+003  2.06044829803E+008  2.10092276746E+001
  2.35300681000E+003  2.05964321331E+008  2.10051227765E+001
  2.35400681000E+003  2.05766055131E+008  2.09950103246E+001
  2.35500681000E+003  2.05732471831E+008  2.09932969455E+001
  2.35600681000E+003  2.05693745651E+008  2.09913210093E+001
  2.35700681000E+003  2.05602946781E+008  2.09866874251E+001
  2.35800681000E+003  2.05457153104E+008  2.09792452434E+001
  2.35900681000E+003  2.05235422346E+008  2.09679217154E+001
  2.36000681000E+003  2.05119930676E+008  2.09620212694E+001
  2.36100681000E+003  2.05103180778E+008  2.09611653825E+001
  2.36200681000E+003  2.05060720084E+008  2.09589955681E+001
  2.36300681000E+003  2.04995360610E+008  2.09556551475E+001
  2.36400681000E+003  2.04975678260E+008  2.09546491090E+001
  2.36500681000E+003  2.04943264283E+008  2.09529922042E+001
  2.36600681000E+003  2.04927380701E+008  2.09521802356E+001
  2.36700681000E+003  2.04902911548E+008  2.09509293110E+001
  2.36800681000E+003  2.04891740963E+008  2.09503582177E+001
  2.36900681000E+003  2.04845301998E+008  2.09479838710E+001
  2.37000681000E+003  2.04798171841E+008  2.09455739095E+001
  2.37100681000E+003  2.04743299740E+008  2.09427677208E+001
  2.37200681000E+003  2.04635747023E+008  2.09372663260E+001
  2.37300681000E+003  2.04505098870E+008  2.09305816387E+001
  2.37400681000E+003  2.04577348625E+008  2.09342786025E+001
  2.37500681000E+003  2.04543724555E+008  2.09325581662E+001
  2.37600681000E+003  2.04502438651E+008  2.09304455049E+001
  2.37700681000E+003  2.04402872782E+008  2.09253496936E+001
  2.37800681000E+003  2.04210617141E+008  2.09155064783E+001
  2.37900681000E+003  2.04047557001E+008  2.09071543992E+001
  2.38000681000E+003  2.03977896847E+008  2.09035853294E+001
  2.38100681000E+003  2.03915239357E+008  2.09003745237E+001
  2.38200681000E+003  2.03878562966E+008  2.08984948585E+001
  2.38300681000E+003  2.03824283814E+008  2.08957127413E+001
  2.38400681000E+003  2.03820823860E+008  2.08955353863E+001
  2.38500681000E+003  2.03798981000E+008  2.08944157007E+001
  2.38600681000E+003  2.03768000515E+008  2.08928275089E+001
  2.38700681000E+003  2.03696876228E+008  2.08891809178E+001
  2.38800681000E+003  2.03551057392E+008  2.08817026947E+001
  2.38900681000E+003  2.03419230252E+008  2.08749397208E+001
  2.39000681000E+003  2.03357651105E+008  2.08717798468E+001
  2.39100681000E+003  2.03279398742E+008  2.08677637126E+001
  2.39200681000E+003  2.03170229404E+008  2.08621595394E+001
  2.39300681000E+003  2.03065373162E+008  2.08567753599E+001
  2.39400681000E+003  2.02973302134E+008  2.08520465319E+001
  2.39500681000E+003  2.02887474170E+008  2.08476373857E+001
  2.39600681000E+003  2.02807612813E+008  2.08435339177E+001
  2.39700681000E+003  2.02767473607E+008  2.08414711640E+001
  2.39800681000E+003  2.02744518080E+008  2.08402913878E+001
  2.39900681000E+003  2.02737325324E+008  2.08399217096E+001
  2.40000681000E+003  2.02725016568E+008  2.08392890747E+001
  2.40100681000E+003  2.02714990581E+008  2.08387737534E+001
  2.40200681000E+003  2.02716210895E+008  2.08388364765E+001
  2.40300681000E+003  2.02718889177E+008  2.08389741372E+001
  2.40400681000E+003  2.02705475540E+008  2.08382846823E+001
  2.40500681000E+003  2.02672983308E+008  2.08366145016E+001
  2.40600681000E+003  2.02571096785E+008  2.08313764156E+001
  2.40700681000E+003  2.02524839200E+008  2.08289978329E+001
  2.40800681000E+003  2.02489806822E+008  2.08271962740E+001
  2.40900681000E+003  2.02397977019E+008  2.08224731369E+001
  2.41000681000E+003  2.02367532685E+008  2.08209070388E+001
  2.41100681000E+003  2.02359375612E+008  2.08204874078E+001
