#date,time,07/07/2021,18:46:14
#lambda, 0.10000000E+06
# iter, Jreg,sqrt(2*Jreg/area)
  2.40900681000E+003  2.36514403399E+002  5.00214154253E-005
  2.41000681000E+003  2.26807088854E+005  1.54901453089E-003
  2.41100681000E+003  2.48687273644E+002  5.12925109956E-005
  2.41200681000E+003  2.36120796574E+002  4.99797753210E-005
  2.41300681000E+003  2.34943136615E+002  4.98549816664E-005
  2.41400681000E+003  2.33885181322E+002  4.97426058511E-005
  2.41500681000E+003  2.34559198783E+002  4.98142291671E-005
  2.41600681000E+003  2.34535708953E+002  4.98117347924E-005
  2.41700681000E+003  2.48912133646E+002  5.13156947878E-005
  2.41800681000E+003  2.36476192579E+002  5.00173745793E-005
  2.41900681000E+003  2.33640753735E+002  4.97166066763E-005
  2.42000681000E+003  2.32904625625E+002  4.96382242373E-005
  2.42100681000E+003  2.32029971196E+002  4.95449304032E-005
  2.42200681000E+003  2.31259003231E+002  4.94625502335E-005
  2.42300681000E+003  2.30491077600E+002  4.93803585256E-005
  2.42400681000E+003  2.28947328562E+002  4.92147144733E-005
  2.42500681000E+003  2.29067421634E+002  4.92276204361E-005
  2.42600681000E+003  2.29438887849E+002  4.92675191484E-005
  2.42700681000E+003  2.30390005234E+002  4.93695304775E-005
  2.42800681000E+003  2.33400140148E+002  4.96909999011E-005
  2.42900681000E+003  2.25338213227E+002  4.88252642910E-005
  2.43000681000E+003  2.16653173814E+002  4.78751014628E-005
  2.43100681000E+003  2.13584018032E+002  4.75347873952E-005
  2.43200681000E+003  2.13328205773E+002  4.75063123607E-005
  2.43300681000E+003  2.10629412705E+002  4.72048571843E-005
  2.43400681000E+003  2.17788717984E+002  4.80004013663E-005
  2.43500681000E+003  2.09732975277E+002  4.71042982911E-005
  2.43600681000E+003  2.08145881667E+002  4.69257357702E-005
  2.43700681000E+003  2.08525496122E+002  4.69685076298E-005
  2.43800681000E+003  2.05993968754E+002  4.66825350660E-005
  2.43900681000E+003  2.04443978997E+002  4.65065734141E-005
  2.44000681000E+003  2.17122486184E+002  4.79269267427E-005
  2.44100681000E+003  2.03701553294E+002  4.64220537355E-005
  2.44200681000E+003  1.99673602598E+002  4.59607922770E-005
  2.44300681000E+003  1.97508158837E+002  4.57108923923E-005
  2.44400681000E+003  1.96940010574E+002  4.56450994959E-005
  2.44500681000E+003  1.94314482754E+002  4.53398172264E-005
  2.44600681000E+003  1.92324073444E+002  4.51070062593E-005
  2.44700681000E+003  1.91512677872E+002  4.50117547689E-005
  2.44800681000E+003  1.92858514467E+002  4.51696357312E-005
  2.44900681000E+003  1.96556974554E+002  4.56006894580E-005
  2.45000681000E+003  1.92849109693E+002  4.51685343658E-005
  2.45100681000E+003  1.92085281302E+002  4.50789948307E-005
  2.45200681000E+003  1.92707976622E+002  4.51520034605E-005
  2.45300681000E+003  1.92097784561E+002  4.50804619529E-005
  2.45400681000E+003  2.02501512491E+002  4.62851116081E-005
  2.45500681000E+003  1.89274408002E+002  4.47479483244E-005
  2.45600681000E+003  1.85216649057E+002  4.42656851796E-005
  2.45700681000E+003  1.84382409657E+002  4.41658835283E-005
  2.45800681000E+003  1.84626896912E+002  4.41951553512E-005
  2.45900681000E+003  1.90489500254E+002  4.48913536055E-005
  2.46000681000E+003  1.89122762353E+002  4.47300188233E-005
  2.46100681000E+003  1.87218494758E+002  4.45042569329E-005
  2.46200681000E+003  1.85556690230E+002  4.43063004625E-005
  2.46300681000E+003  1.82993611855E+002  4.39992368832E-005
  2.46400681000E+003  1.80793428849E+002  4.37339294844E-005
  2.46500681000E+003  1.81055183946E+002  4.37655773119E-005
  2.46600681000E+003  1.79795523705E+002  4.36130658499E-005
  2.46700681000E+003  1.79162788556E+002  4.35362568158E-005
  2.46800681000E+003  1.80580925457E+002  4.37082196428E-005
  2.46900681000E+003  1.84479280944E+002  4.41774839954E-005
  2.47000681000E+003  1.82430072841E+002  4.39314355938E-005
  2.47100681000E+003  1.79379483725E+002  4.35625771407E-005
  2.47200681000E+003  1.78609054360E+002  4.34689265115E-005
  2.47300681000E+003  1.78379738132E+002  4.34410126639E-005
  2.47400681000E+003  1.78160125649E+002  4.34142631941E-005
  2.47500681000E+003  1.78124459904E+002  4.34099174418E-005
  2.47600681000E+003  1.78229042387E+002  4.34226592370E-005
  2.47700681000E+003  1.82044944771E+002  4.38850392741E-005
  2.47800681000E+003  1.78448442697E+002  4.34493777074E-005
  2.47900681000E+003  1.78151482310E+002  4.34132100720E-005
  2.48000681000E+003  1.78988854784E+002  4.35151188769E-005
  2.48100681000E+003  1.79675511997E+002  4.35985077781E-005
  2.48200681000E+003  1.88250038209E+002  4.46266941203E-005
  2.48300681000E+003  1.80088664153E+002  4.36486049626E-005
  2.48400681000E+003  1.78536375631E+002  4.34600815293E-005
  2.48500681000E+003  1.80194098682E+002  4.36613803273E-005
  2.48600681000E+003  1.81676706480E+002  4.38406317453E-005
  2.48700681000E+003  1.80918955410E+002  4.37491092873E-005
  2.48800681000E+003  1.80191109553E+002  4.36610181900E-005
  2.48900681000E+003  1.79963697503E+002  4.36334580723E-005
  2.49000681000E+003  1.78527413809E+002  4.34589907533E-005
  2.49100681000E+003  1.78461819278E+002  4.34510061700E-005
  2.49200681000E+003  1.78902072042E+002  4.35045684457E-005
  2.49300681000E+003  1.81463071326E+002  4.38148478810E-005
  2.49400681000E+003  1.81998044332E+002  4.38793858346E-005
  2.49500681000E+003  1.81020516450E+002  4.37613871098E-005
  2.49600681000E+003  1.80732584106E+002  4.37265696937E-005
  2.49700681000E+003  1.79761017948E+002  4.36088806120E-005
  2.49800681000E+003  1.77607139135E+002  4.33468346379E-005
  2.49900681000E+003  1.77437317821E+002  4.33261063696E-005
  2.50000681000E+003  1.77791636852E+002  4.33693430693E-005
  2.50100681000E+003  1.78708902167E+002  4.34810750293E-005
  2.50200681000E+003  1.80529864810E+002  4.37020397881E-005
  2.50300681000E+003  1.99630489370E+002  4.59558301161E-005
  2.50400681000E+003  1.82549045813E+002  4.39457583465E-005
  2.50500681000E+003  1.81700702904E+002  4.38435269532E-005
  2.50600681000E+003  1.80548376908E+002  4.37042804027E-005
  2.50700681000E+003  1.80757274772E+002  4.37295564303E-005
  2.50800681000E+003  1.78879920087E+002  4.35018749580E-005
  2.50900681000E+003  1.78268015710E+002  4.34274065913E-005
  2.51000681000E+003  1.78970492182E+002  4.35128866952E-005
  2.51100681000E+003  1.81740634880E+002  4.38483443876E-005
  2.51200681000E+003  1.81101277910E+002  4.37711479908E-005
  2.51300681000E+003  1.82458634901E+002  4.39348745094E-005
  2.51400681000E+003  1.84877328484E+002  4.42251187850E-005
  2.51500681000E+003  1.83884529830E+002  4.41062136097E-005
  2.51600681000E+003  1.82791886616E+002  4.39749786484E-005
  2.51700681000E+003  1.82810919102E+002  4.39772679496E-005
  2.51800681000E+003  1.84022232435E+002  4.41227250691E-005
  2.51900681000E+003  1.82962710363E+002  4.39955217276E-005
  2.52000681000E+003  1.82387478174E+002  4.39263066311E-005
  2.52100681000E+003  1.83288330437E+002  4.40346539003E-005
  2.52200681000E+003  1.88813803678E+002  4.46934674958E-005
  2.52300681000E+003  1.86466740525E+002  4.44148162072E-005
  2.52400681000E+003  1.86583332878E+002  4.44286996984E-005
  2.52500681000E+003  1.87258256134E+002  4.45089825786E-005
  2.52600681000E+003  1.89365262423E+002  4.47586868633E-005
  2.52700681000E+003  1.89161629171E+002  4.47346148439E-005
  2.52800681000E+003  1.88180633638E+002  4.46184668123E-005
  2.52900681000E+003  1.87866900374E+002  4.45812575196E-005
  2.53000681000E+003  1.87640745592E+002  4.45544159083E-005
  2.53100681000E+003  1.87718315155E+002  4.45636242214E-005
  2.53200681000E+003  1.90981945272E+002  4.49493417221E-005
  2.53300681000E+003  1.89524566503E+002  4.47775095935E-005
  2.53400681000E+003  1.89674057533E+002  4.47951656596E-005
  2.53500681000E+003  1.90373791918E+002  4.48777174396E-005
  2.53600681000E+003  1.92661128282E+002  4.51465147802E-005
  2.53700681000E+003  2.02229553002E+002  4.62540207182E-005
  2.53800681000E+003  1.93703328156E+002  4.52684600643E-005
  2.53900681000E+003  1.93129716595E+002  4.52013838699E-005
  2.54000681000E+003  1.93838668115E+002  4.52842717743E-005
  2.54100681000E+003  1.92986675332E+002  4.51846415976E-005
  2.54200681000E+003  1.92312405553E+002  4.51056379657E-005
  2.54300681000E+003  1.95845867596E+002  4.55181272657E-005
  2.54400681000E+003  1.93002952435E+002  4.51865470648E-005
  2.54500681000E+003  1.92122817383E+002  4.50833991404E-005
  2.54600681000E+003  1.92599088416E+002  4.51392452566E-005
  2.54700681000E+003  1.92581982758E+002  4.51372406946E-005
  2.54800681000E+003  1.98839964822E+002  4.58647487169E-005
  2.54900681000E+003  1.95794680925E+002  4.55121785222E-005
  2.55000681000E+003  1.94417770559E+002  4.53518658085E-005
  2.55100681000E+003  1.96348920828E+002  4.55765491157E-005
  2.55200681000E+003  1.96546770339E+002  4.55995057674E-005
  2.55300681000E+003  1.96235253546E+002  4.55633549702E-005
  2.55400681000E+003  1.96730804056E+002  4.56208489903E-005
