#date,time,07/07/2021,18:44:34
#lambda, 0.10000000E+01
# iter, Lambda*J0, sqrt(2*J0/Nobs)
  2.40900681000E+003  2.02276996436E+008  2.08162490344E+001
  2.41000681000E+003  3.56757851400E+009  8.74210456116E+001
  2.41100681000E+003  2.01523794936E+008  2.07774570487E+001
  2.41200681000E+003  2.01847262060E+008  2.07941253769E+001
  2.41300681000E+003  2.01595645933E+008  2.07811607006E+001
  2.41400681000E+003  2.01136552695E+008  2.07574847721E+001
  2.41500681000E+003  2.00737653473E+008  2.07368911658E+001
  2.41600681000E+003  2.00170877420E+008  2.07075955130E+001
  2.41700681000E+003  1.97922635658E+008  2.05909772896E+001
  2.41800681000E+003  1.97480581033E+008  2.05679697522E+001
  2.41900681000E+003  1.97405126326E+008  2.05640400028E+001
  2.42000681000E+003  1.97266987770E+008  2.05568436751E+001
  2.42100681000E+003  1.96811148334E+008  2.05330788280E+001
  2.42200681000E+003  1.96137636148E+008  2.04979153462E+001
  2.42300681000E+003  1.95386418797E+008  2.04586236466E+001
  2.42400681000E+003  1.94864069581E+008  2.04312581367E+001
  2.42500681000E+003  1.94358199075E+008  2.04047209524E+001
  2.42600681000E+003  1.93850340870E+008  2.03780447347E+001
  2.42700681000E+003  1.92174184037E+008  2.02897525109E+001
  2.42800681000E+003  1.89624783770E+008  2.01547203239E+001
  2.42900681000E+003  1.88413390771E+008  2.00902392863E+001
  2.43000681000E+003  1.87610794571E+008  2.00474038016E+001
  2.43100681000E+003  1.87102675728E+008  2.00202375339E+001
  2.43200681000E+003  1.86752525646E+008  2.00014954967E+001
  2.43300681000E+003  1.86395185489E+008  1.99823504817E+001
  2.43400681000E+003  1.85552689320E+008  1.99371397639E+001
  2.43500681000E+003  1.85351623749E+008  1.99263348574E+001
  2.43600681000E+003  1.84946640669E+008  1.99045539818E+001
  2.43700681000E+003  1.83996683595E+008  1.98533694492E+001
  2.43800681000E+003  1.82986194498E+008  1.97987781574E+001
  2.43900681000E+003  1.82203330279E+008  1.97563805092E+001
  2.44000681000E+003  1.80569818766E+008  1.96676199639E+001
  2.44100681000E+003  1.80055629417E+008  1.96395973121E+001
  2.44200681000E+003  1.78938321751E+008  1.95785672281E+001
  2.44300681000E+003  1.77869550809E+008  1.95200097803E+001
  2.44400681000E+003  1.76665370750E+008  1.94538221585E+001
  2.44500681000E+003  1.76121891380E+008  1.94238760100E+001
  2.44600681000E+003  1.75864688988E+008  1.94096878458E+001
  2.44700681000E+003  1.75177261699E+008  1.93717160011E+001
  2.44800681000E+003  1.74163969127E+008  1.93156080226E+001
  2.44900681000E+003  1.73096805469E+008  1.92563403458E+001
  2.45000681000E+003  1.72557116818E+008  1.92262977883E+001
  2.45100681000E+003  1.71713933821E+008  1.91792665793E+001
  2.45200681000E+003  1.70524412447E+008  1.91127204499E+001
  2.45300681000E+003  1.68755619833E+008  1.90133371369E+001
  2.45400681000E+003  1.68215764716E+008  1.89829006110E+001
  2.45500681000E+003  1.68176698444E+008  1.89806961974E+001
  2.45600681000E+003  1.67869086765E+008  1.89633294748E+001
  2.45700681000E+003  1.67551132458E+008  1.89453621106E+001
  2.45800681000E+003  1.67171378595E+008  1.89238801439E+001
  2.45900681000E+003  1.65825319423E+008  1.88475388874E+001
  2.46000681000E+003  1.64925956583E+008  1.87963590613E+001
  2.46100681000E+003  1.64287997549E+008  1.87599702300E+001
  2.46200681000E+003  1.63804178814E+008  1.87323263442E+001
  2.46300681000E+003  1.63512091165E+008  1.87156176054E+001
  2.46400681000E+003  1.63093593931E+008  1.86916516338E+001
  2.46500681000E+003  1.62772969126E+008  1.86732696872E+001
  2.46600681000E+003  1.62635878272E+008  1.86654045186E+001
  2.46700681000E+003  1.62195487287E+008  1.86401159778E+001
  2.46800681000E+003  1.61327790696E+008  1.85901896362E+001
  2.46900681000E+003  1.60152003683E+008  1.85223213671E+001
  2.47000681000E+003  1.59254270058E+008  1.84703348851E+001
  2.47100681000E+003  1.58943480505E+008  1.84523033733E+001
  2.47200681000E+003  1.58486677057E+008  1.84257683410E+001
  2.47300681000E+003  1.58216850340E+008  1.84100765409E+001
  2.47400681000E+003  1.57783969882E+008  1.83848743552E+001
  2.47500681000E+003  1.56945755781E+008  1.83359752744E+001
  2.47600681000E+003  1.56277302687E+008  1.82968859153E+001
  2.47700681000E+003  1.55441377234E+008  1.82478853879E+001
  2.47800681000E+003  1.55223399162E+008  1.82350862400E+001
  2.47900681000E+003  1.54957475072E+008  1.82194596419E+001
  2.48000681000E+003  1.54482482428E+008  1.81915140673E+001
  2.48100681000E+003  1.53704852336E+008  1.81456703063E+001
  2.48200681000E+003  1.52746531615E+008  1.80890144452E+001
  2.48300681000E+003  1.52586845030E+008  1.80795565274E+001
  2.48400681000E+003  1.52340437526E+008  1.80649525870E+001
  2.48500681000E+003  1.51801389759E+008  1.80329633725E+001
  2.48600681000E+003  1.51314932016E+008  1.80040462664E+001
  2.48700681000E+003  1.51111129802E+008  1.79919175862E+001
  2.48800681000E+003  1.50706483576E+008  1.79678120093E+001
  2.48900681000E+003  1.50354089785E+008  1.79467928371E+001
  2.49000681000E+003  1.50126976157E+008  1.79332331740E+001
  2.49100681000E+003  1.49732140934E+008  1.79096353703E+001
  2.49200681000E+003  1.49365139894E+008  1.78876731940E+001
  2.49300681000E+003  1.48671576559E+008  1.78460949864E+001
  2.49400681000E+003  1.48212407240E+008  1.78185150134E+001
  2.49500681000E+003  1.47866650121E+008  1.77977189282E+001
  2.49600681000E+003  1.47208446537E+008  1.77580629686E+001
  2.49700681000E+003  1.46660521696E+008  1.77249834985E+001
  2.49800681000E+003  1.46332055866E+008  1.77051236384E+001
  2.49900681000E+003  1.45883987386E+008  1.76779963289E+001
  2.50000681000E+003  1.45377311778E+008  1.76472705431E+001
  2.50100681000E+003  1.44837790932E+008  1.76144940382E+001
  2.50200681000E+003  1.43845472087E+008  1.75540497445E+001
  2.50300681000E+003  1.42628984757E+008  1.74796656902E+001
  2.50400681000E+003  1.43306088374E+008  1.75211072366E+001
  2.50500681000E+003  1.42926916543E+008  1.74979124418E+001
  2.50600681000E+003  1.42518808002E+008  1.74729131185E+001
  2.50700681000E+003  1.41946343199E+008  1.74377855003E+001
  2.50800681000E+003  1.41658594500E+008  1.74201018972E+001
  2.50900681000E+003  1.41489641622E+008  1.74097105247E+001
  2.51000681000E+003  1.41088611108E+008  1.73850204508E+001
  2.51100681000E+003  1.40582655298E+008  1.73538203701E+001
  2.51200681000E+003  1.40336891365E+008  1.73386449249E+001
  2.51300681000E+003  1.39562357924E+008  1.72907318602E+001
  2.51400681000E+003  1.39000752517E+008  1.72559074373E+001
  2.51500681000E+003  1.38691194265E+008  1.72366820525E+001
  2.51600681000E+003  1.38221339263E+008  1.72074602546E+001
  2.51700681000E+003  1.37901310998E+008  1.71875282204E+001
  2.51800681000E+003  1.37511953178E+008  1.71632469832E+001
  2.51900681000E+003  1.37384918000E+008  1.71553173455E+001
  2.52000681000E+003  1.37222648571E+008  1.71451830233E+001
  2.52100681000E+003  1.36907432928E+008  1.71254795081E+001
  2.52200681000E+003  1.36185543373E+008  1.70802699668E+001
  2.52300681000E+003  1.36010617414E+008  1.70692969127E+001
  2.52400681000E+003  1.35747110654E+008  1.70527538815E+001
  2.52500681000E+003  1.35361861388E+008  1.70285388960E+001
  2.52600681000E+003  1.34705258341E+008  1.69871883177E+001
  2.52700681000E+003  1.34173268160E+008  1.69536114640E+001
  2.52800681000E+003  1.33759470279E+008  1.69274483322E+001
  2.52900681000E+003  1.33467429297E+008  1.69089591370E+001
  2.53000681000E+003  1.33294089313E+008  1.68979753674E+001
  2.53100681000E+003  1.32988739915E+008  1.68786093737E+001
  2.53200681000E+003  1.32400321882E+008  1.68412276812E+001
  2.53300681000E+003  1.32293282503E+008  1.68344186380E+001
  2.53400681000E+003  1.32125699133E+008  1.68237527048E+001
  2.53500681000E+003  1.31764118694E+008  1.68007166586E+001
  2.53600681000E+003  1.31174483492E+008  1.67630834948E+001
  2.53700681000E+003  1.30547618430E+008  1.67229812757E+001
  2.53800681000E+003  1.30828820912E+008  1.67409824245E+001
  2.53900681000E+003  1.30548229593E+008  1.67230204202E+001
  2.54000681000E+003  1.30182822948E+008  1.66996000154E+001
  2.54100681000E+003  1.30038821059E+008  1.66903613183E+001
  2.54200681000E+003  1.29857450276E+008  1.66787178716E+001
  2.54300681000E+003  1.29104053047E+008  1.66302648235E+001
  2.54400681000E+003  1.28896973101E+008  1.66169221890E+001
  2.54500681000E+003  1.28688303739E+008  1.66034662988E+001
  2.54600681000E+003  1.28200006889E+008  1.65719361387E+001
  2.54700681000E+003  1.27814314306E+008  1.65469888410E+001
  2.54800681000E+003  1.26981585869E+008  1.64929977645E+001
  2.54900681000E+003  1.26932857184E+008  1.64898328993E+001
  2.55000681000E+003  1.26848819298E+008  1.64843733194E+001
  2.55100681000E+003  1.26336039478E+008  1.64510209638E+001
  2.55200681000E+003  1.25971368323E+008  1.64272607276E+001
  2.55300681000E+003  1.25731474363E+008  1.64116116216E+001
  2.55400681000E+003  1.25431969383E+008  1.63920529146E+001
